2015-Apr-29 00:01 2457141.500694444      35.79790  14.22859 335.4737   -950.28
 2015-Apr-29 00:06 2457141.504166667      35.80120  14.22967 335.4743   -950.28
 2015-Apr-29 00:11 2457141.507638889      35.80449  14.23076 335.4748   -950.28
 2015-Apr-29 00:16 2457141.511111111      35.80779  14.23185 335.4754   -950.28
 2015-Apr-29 00:21 2457141.514583333      35.81108  14.23294 335.4759   -950.28
 2015-Apr-29 00:26 2457141.518055555      35.81438  14.23403 335.4765   -950.28
 2015-Apr-29 00:31 2457141.521527778      35.81767  14.23512 335.4770   -950.28
 2015-Apr-29 00:36 2457141.525000000      35.82097  14.23621 335.4776   -950.28
 2015-Apr-29 00:41 2457141.528472222      35.82426  14.23729 335.4782   -950.28
 2015-Apr-29 00:46 2457141.531944444      35.82756  14.23838 335.4787   -950.28
 2015-Apr-29 00:51 2457141.535416667      35.83085  14.23947 335.4793   -950.28
 2015-Apr-29 00:56 2457141.538888889      35.83415  14.24056 335.4798   -950.28
 2015-Apr-29 01:01 2457141.542361111      35.83744  14.24165 335.4804   -950.28
 2015-Apr-29 01:06 2457141.545833333      35.84074  14.24274 335.4809   -950.28
 2015-Apr-29 01:11 2457141.549305555      35.84404  14.24382 335.4815   -950.28
 2015-Apr-29 01:16 2457141.552777778      35.84733  14.24491 335.4820   -950.28
 2015-Apr-29 01:21 2457141.556250000      35.85063  14.24600 335.4826   -950.28
 2015-Apr-29 01:26 2457141.559722222      35.85392  14.24709 335.4832   -950.28
 2015-Apr-29 01:31 2457141.563194444      35.85722  14.24818 335.4837   -950.28
 2015-Apr-29 01:36 2457141.566666667      35.86051  14.24926 335.4843   -950.27
 2015-Apr-29 01:41 2457141.570138889      35.86381  14.25035 335.4848   -950.27
 2015-Apr-29 01:46 2457141.573611111      35.86711  14.25144 335.4854   -950.27
 2015-Apr-29 01:51 2457141.577083333      35.87040  14.25253 335.4859   -950.27
 2015-Apr-29 01:56 2457141.580555555      35.87370  14.25361 335.4865   -950.27
 2015-Apr-29 02:01 2457141.584027778      35.87699  14.25470 335.4871   -950.27
 2015-Apr-29 02:06 2457141.587500000      35.88029  14.25579 335.4876   -950.27
 2015-Apr-29 02:11 2457141.590972222      35.88358  14.25688 335.4882   -950.27
 2015-Apr-29 02:16 2457141.594444444      35.88688  14.25796 335.4887   -950.27
 2015-Apr-29 02:21 2457141.597916667      35.89018  14.25905 335.4893   -950.27
 2015-Apr-29 02:26 2457141.601388889      35.89347  14.26014 335.4898   -950.27
 2015-Apr-29 02:31 2457141.604861111      35.89677  14.26123 335.4904   -950.27
 2015-Apr-29 02:36 2457141.608333333      35.90006  14.26231 335.4910   -950.27
 2015-Apr-29 02:41 2457141.611805555      35.90336  14.26340 335.4915   -950.27
 2015-Apr-29 02:46 2457141.615277778      35.90666  14.26449 335.4921   -950.27
 2015-Apr-29 02:51 2457141.618750000      35.90995  14.26558 335.4926   -950.27
 2015-Apr-29 02:56 2457141.622222222      35.91325  14.26666 335.4932   -950.27
 2015-Apr-29 03:01 2457141.625694444      35.91654  14.26775 335.4937   -950.27
 2015-Apr-29 03:06 2457141.629166667      35.91984  14.26884 335.4943   -950.27
 2015-Apr-29 03:11 2457141.632638889      35.92314  14.26992 335.4949   -950.27
 2015-Apr-29 03:16 2457141.636111111      35.92643  14.27101 335.4954   -950.27
 2015-Apr-29 03:21 2457141.639583333      35.92973  14.27210 335.4960   -950.27
 2015-Apr-29 03:26 2457141.643055555      35.93302  14.27318 335.4965   -950.27
 2015-Apr-29 03:31 2457141.646527778      35.93632  14.27427 335.4971   -950.27
 2015-Apr-29 03:36 2457141.650000000      35.93962  14.27536 335.4976   -950.27
 2015-Apr-29 03:41 2457141.653472222      35.94291  14.27645 335.4982   -950.26
 2015-Apr-29 03:46 2457141.656944444      35.94621  14.27753 335.4988   -950.26
 2015-Apr-29 03:51 2457141.660416667      35.94951  14.27862 335.4993   -950.26
 2015-Apr-29 03:56 2457141.663888889      35.95280  14.27971 335.4999   -950.26
 2015-Apr-29 04:01 2457141.667361111      35.95610  14.28079 335.5004   -950.26
 2015-Apr-29 04:06 2457141.670833333      35.95940  14.28188 335.5010   -950.26
 2015-Apr-29 04:11 2457141.674305555      35.96269  14.28296 335.5016   -950.26
 2015-Apr-29 04:16 2457141.677777778      35.96599  14.28405 335.5021   -950.26
 2015-Apr-29 04:21 2457141.681250000      35.96928  14.28514 335.5027   -950.26
 2015-Apr-29 04:26 2457141.684722222      35.97258  14.28622 335.5032   -950.26
 2015-Apr-29 04:31 2457141.688194444      35.97588  14.28731 335.5038   -950.26
 2015-Apr-29 04:36 2457141.691666667      35.97917  14.28840 335.5044   -950.26
 2015-Apr-29 04:41 2457141.695138889      35.98247  14.28948 335.5049   -950.26
 2015-Apr-29 04:46 2457141.698611111      35.98577  14.29057 335.5055   -950.26
 2015-Apr-29 04:51 2457141.702083333      35.98906  14.29165 335.5060   -950.26
 2015-Apr-29 04:56 2457141.705555555      35.99236  14.29274 335.5066   -950.26
 2015-Apr-29 05:01 2457141.709027778      35.99566  14.29383 335.5072   -950.26
 2015-Apr-29 05:06 2457141.712500000      35.99895  14.29491 335.5077   -950.26
 2015-Apr-29 05:11 2457141.715972222      36.00225  14.29600 335.5083   -950.26
 2015-Apr-29 05:16 2457141.719444444      36.00555  14.29708 335.5088   -950.26
 2015-Apr-29 05:21 2457141.722916667      36.00884  14.29817 335.5094   -950.26
 2015-Apr-29 05:26 2457141.726388889      36.01214  14.29925 335.5100   -950.26
 2015-Apr-29 05:31 2457141.729861111      36.01544  14.30034 335.5105   -950.26
 2015-Apr-29 05:36 2457141.733333333      36.01873  14.30143 335.5111   -950.26
 2015-Apr-29 05:41 2457141.736805555      36.02203  14.30251 335.5116   -950.25
 2015-Apr-29 05:46 2457141.740277778      36.02533  14.30360 335.5122   -950.25
 2015-Apr-29 05:51 2457141.743750000      36.02863  14.30468 335.5128   -950.25
 2015-Apr-29 05:56 2457141.747222222      36.03192  14.30577 335.5133   -950.25
 2015-Apr-29 06:01 2457141.750694444      36.03522  14.30685 335.5139   -950.25
 2015-Apr-29 06:06 2457141.754166667      36.03852  14.30794 335.5144   -950.25
 2015-Apr-29 06:11 2457141.757638889      36.04181  14.30902 335.5150   -950.25
 2015-Apr-29 06:16 2457141.761111111      36.04511  14.31011 335.5156   -950.25
 2015-Apr-29 06:21 2457141.764583333      36.04841  14.31119 335.5161   -950.25
 2015-Apr-29 06:26 2457141.768055555      36.05170  14.31228 335.5167   -950.25
 2015-Apr-29 06:31 2457141.771527778      36.05500  14.31336 335.5173   -950.25
 2015-Apr-29 06:36 2457141.775000000      36.05830  14.31445 335.5178   -950.25
 2015-Apr-29 06:41 2457141.778472222      36.06160  14.31553 335.5184   -950.25
 2015-Apr-29 06:46 2457141.781944444      36.06489  14.31662 335.5189   -950.25
 2015-Apr-29 06:51 2457141.785416667      36.06819  14.31770 335.5195   -950.25
 2015-Apr-29 06:56 2457141.788888889      36.07149  14.31879 335.5201   -950.25
 2015-Apr-29 07:01 2457141.792361111      36.07478  14.31987 335.5206   -950.25
 2015-Apr-29 07:06 2457141.795833333      36.07808  14.32096 335.5212   -950.25
 2015-Apr-29 07:11 2457141.799305555      36.08138  14.32204 335.5217   -950.25
 2015-Apr-29 07:16 2457141.802777778      36.08468  14.32313 335.5223   -950.25
 2015-Apr-29 07:21 2457141.806250000      36.08797  14.32421 335.5229   -950.25
 2015-Apr-29 07:26 2457141.809722222      36.09127  14.32530 335.5234   -950.25
 2015-Apr-29 07:31 2457141.813194444      36.09457  14.32638 335.5240   -950.25
 2015-Apr-29 07:36 2457141.816666667      36.09787  14.32747 335.5246   -950.25
 2015-Apr-29 07:41 2457141.820138889      36.10116  14.32855 335.5251   -950.25
 2015-Apr-29 07:46 2457141.823611111      36.10446  14.32964 335.5257   -950.24
 2015-Apr-29 07:51 2457141.827083333      36.10776  14.33072 335.5262   -950.24
 2015-Apr-29 07:56 2457141.830555555      36.11106  14.33180 335.5268   -950.24
 2015-Apr-29 08:01 2457141.834027778      36.11435  14.33289 335.5274   -950.24
 2015-Apr-29 08:06 2457141.837500000      36.11765  14.33397 335.5279   -950.24
 2015-Apr-29 08:11 2457141.840972222      36.12095  14.33506 335.5285   -950.24
 2015-Apr-29 08:16 2457141.844444444      36.12425  14.33614 335.5291   -950.24
 2015-Apr-29 08:21 2457141.847916667      36.12754  14.33722 335.5296   -950.24
 2015-Apr-29 08:26 2457141.851388889      36.13084  14.33831 335.5302   -950.24
 2015-Apr-29 08:31 2457141.854861111      36.13414  14.33939 335.5308   -950.24
 2015-Apr-29 08:36 2457141.858333333      36.13744  14.34048 335.5313   -950.24
 2015-Apr-29 08:41 2457141.861805555      36.14074  14.34156 335.5319   -950.24
 2015-Apr-29 08:46 2457141.865277778      36.14403  14.34264 335.5324   -950.24
 2015-Apr-29 08:51 2457141.868750000      36.14733  14.34373 335.5330   -950.24
 2015-Apr-29 08:56 2457141.872222222      36.15063  14.34481 335.5336   -950.24
 2015-Apr-29 09:01 2457141.875694444      36.15393  14.34590 335.5341   -950.24
 2015-Apr-29 09:06 2457141.879166667      36.15723  14.34698 335.5347   -950.24
 2015-Apr-29 09:11 2457141.882638889      36.16052  14.34806 335.5353   -950.24
 2015-Apr-29 09:16 2457141.886111111      36.16382  14.34915 335.5358   -950.24
 2015-Apr-29 09:21 2457141.889583333      36.16712  14.35023 335.5364   -950.24
 2015-Apr-29 09:26 2457141.893055555      36.17042  14.35131 335.5370   -950.24
 2015-Apr-29 09:31 2457141.896527778      36.17372  14.35240 335.5375   -950.24
 2015-Apr-29 09:36 2457141.900000000      36.17701  14.35348 335.5381   -950.24
 2015-Apr-29 09:41 2457141.903472222      36.18031  14.35456 335.5387   -950.24
 2015-Apr-29 09:46 2457141.906944444      36.18361  14.35565 335.5392   -950.24
 2015-Apr-29 09:51 2457141.910416667      36.18691  14.35673 335.5398   -950.23
 2015-Apr-29 09:56 2457141.913888889      36.19021  14.35781 335.5404   -950.23
 2015-Apr-29 10:01 2457141.917361111      36.19350  14.35890 335.5409   -950.23
 2015-Apr-29 10:06 2457141.920833333      36.19680  14.35998 335.5415   -950.23
 2015-Apr-29 10:11 2457141.924305555      36.20010  14.36106 335.5420   -950.23
 2015-Apr-29 10:16 2457141.927777778      36.20340  14.36214 335.5426   -950.23
 2015-Apr-29 10:21 2457141.931250000      36.20670  14.36323 335.5432   -950.23
 2015-Apr-29 10:26 2457141.934722222      36.21000  14.36431 335.5437   -950.23
 2015-Apr-29 10:31 2457141.938194444      36.21329  14.36539 335.5443   -950.23
 2015-Apr-29 10:36 2457141.941666667      36.21659  14.36648 335.5449   -950.23
 2015-Apr-29 10:41 2457141.945138889      36.21989  14.36756 335.5454   -950.23
 2015-Apr-29 10:46 2457141.948611111      36.22319  14.36864 335.5460   -950.23
 2015-Apr-29 10:51 2457141.952083333      36.22649  14.36972 335.5466   -950.23
 2015-Apr-29 10:56 2457141.955555555      36.22979  14.37081 335.5471   -950.23
 2015-Apr-29 11:01 2457141.959027778      36.23308  14.37189 335.5477   -950.23
 2015-Apr-29 11:06 2457141.962500000      36.23638  14.37297 335.5483   -950.23
 2015-Apr-29 11:11 2457141.965972222      36.23968  14.37405 335.5488   -950.23
 2015-Apr-29 11:16 2457141.969444444      36.24298  14.37514 335.5494   -950.23
 2015-Apr-29 11:21 2457141.972916667      36.24628  14.37622 335.5500   -950.23
 2015-Apr-29 11:26 2457141.976388889      36.24958  14.37730 335.5505   -950.23
 2015-Apr-29 11:31 2457141.979861111      36.25288  14.37838 335.5511   -950.23
 2015-Apr-29 11:36 2457141.983333333      36.25617  14.37946 335.5517   -950.23
 2015-Apr-29 11:41 2457141.986805555      36.25947  14.38055 335.5522   -950.23
 2015-Apr-29 11:46 2457141.990277778      36.26277  14.38163 335.5528   -950.23
 2015-Apr-29 11:51 2457141.993750000      36.26607  14.38271 335.5534   -950.23
 2015-Apr-29 11:56 2457141.997222222      36.26937  14.38379 335.5539   -950.22
 2015-Apr-29 12:01 2457142.000694444      36.27267  14.38488 335.5545   -950.22
 2015-Apr-29 12:06 2457142.004166667      36.27597  14.38596 335.5551   -950.22
 2015-Apr-29 12:11 2457142.007638889      36.27927  14.38704 335.5556   -950.22
 2015-Apr-29 12:16 2457142.011111111      36.28256  14.38812 335.5562   -950.22
 2015-Apr-29 12:21 2457142.014583333      36.28586  14.38920 335.5568   -950.22
 2015-Apr-29 12:26 2457142.018055555      36.28916  14.39028 335.5573   -950.22
 2015-Apr-29 12:31 2457142.021527778      36.29246  14.39137 335.5579   -950.22
 2015-Apr-29 12:36 2457142.025000000      36.29576  14.39245 335.5585   -950.22
 2015-Apr-29 12:41 2457142.028472222      36.29906  14.39353 335.5591   -950.22
 2015-Apr-29 12:46 2457142.031944444      36.30236  14.39461 335.5596   -950.22
 2015-Apr-29 12:51 2457142.035416667      36.30566  14.39569 335.5602   -950.22
 2015-Apr-29 12:56 2457142.038888889      36.30896  14.39677 335.5608   -950.22
 2015-Apr-29 13:01 2457142.042361111      36.31226  14.39785 335.5613   -950.22
 2015-Apr-29 13:06 2457142.045833333      36.31556  14.39894 335.5619   -950.22
 2015-Apr-29 13:11 2457142.049305555      36.31885  14.40002 335.5625   -950.22
 2015-Apr-29 13:16 2457142.052777778      36.32215  14.40110 335.5630   -950.22
 2015-Apr-29 13:21 2457142.056250000      36.32545  14.40218 335.5636   -950.22
 2015-Apr-29 13:26 2457142.059722222      36.32875  14.40326 335.5642   -950.22
 2015-Apr-29 13:31 2457142.063194444      36.33205  14.40434 335.5647   -950.22
 2015-Apr-29 13:36 2457142.066666667      36.33535  14.40542 335.5653   -950.22
 2015-Apr-29 13:41 2457142.070138889      36.33865  14.40650 335.5659   -950.22
 2015-Apr-29 13:46 2457142.073611111      36.34195  14.40758 335.5664   -950.22
 2015-Apr-29 13:51 2457142.077083333      36.34525  14.40867 335.5670   -950.22
 2015-Apr-29 13:56 2457142.080555555      36.34855  14.40975 335.5676   -950.22
 2015-Apr-29 14:01 2457142.084027778      36.35185  14.41083 335.5682   -950.21
 2015-Apr-29 14:06 2457142.087500000      36.35515  14.41191 335.5687   -950.21
 2015-Apr-29 14:11 2457142.090972222      36.35845  14.41299 335.5693   -950.21
 2015-Apr-29 14:16 2457142.094444444      36.36175  14.41407 335.5699   -950.21
 2015-Apr-29 14:21 2457142.097916667      36.36505  14.41515 335.5704   -950.21
 2015-Apr-29 14:26 2457142.101388889      36.36834  14.41623 335.5710   -950.21
 2015-Apr-29 14:31 2457142.104861111      36.37164  14.41731 335.5716   -950.21
 2015-Apr-29 14:36 2457142.108333333      36.37494  14.41839 335.5721   -950.21
 2015-Apr-29 14:41 2457142.111805555      36.37824  14.41947 335.5727   -950.21
 2015-Apr-29 14:46 2457142.115277778      36.38154  14.42055 335.5733   -950.21
 2015-Apr-29 14:51 2457142.118750000      36.38484  14.42163 335.5739   -950.21
 2015-Apr-29 14:56 2457142.122222222      36.38814  14.42271 335.5744   -950.21
 2015-Apr-29 15:01 2457142.125694444      36.39144  14.42379 335.5750   -950.21
 2015-Apr-29 15:06 2457142.129166667      36.39474  14.42487 335.5756   -950.21
 2015-Apr-29 15:11 2457142.132638889      36.39804  14.42595 335.5761   -950.21
 2015-Apr-29 15:16 2457142.136111111      36.40134  14.42703 335.5767   -950.21
 2015-Apr-29 15:21 2457142.139583333      36.40464  14.42811 335.5773   -950.21
 2015-Apr-29 15:26 2457142.143055555      36.40794  14.42919 335.5778   -950.21
 2015-Apr-29 15:31 2457142.146527778      36.41124  14.43027 335.5784   -950.21
 2015-Apr-29 15:36 2457142.150000000      36.41454  14.43135 335.5790   -950.21
 2015-Apr-29 15:41 2457142.153472222      36.41784  14.43243 335.5796   -950.21
 2015-Apr-29 15:46 2457142.156944444      36.42114  14.43351 335.5801   -950.21
 2015-Apr-29 15:51 2457142.160416667      36.42444  14.43459 335.5807   -950.21
 2015-Apr-29 15:56 2457142.163888889      36.42774  14.43567 335.5813   -950.21
 2015-Apr-29 16:01 2457142.167361111      36.43104  14.43675 335.5818   -950.21
 2015-Apr-29 16:06 2457142.170833333      36.43434  14.43783 335.5824   -950.20
 2015-Apr-29 16:11 2457142.174305555      36.43764  14.43891 335.5830   -950.20
 2015-Apr-29 16:16 2457142.177777778      36.44094  14.43999 335.5836   -950.20
 2015-Apr-29 16:21 2457142.181250000      36.44424  14.44107 335.5841   -950.20
 2015-Apr-29 16:26 2457142.184722222      36.44754  14.44215 335.5847   -950.20
 2015-Apr-29 16:31 2457142.188194444      36.45084  14.44323 335.5853   -950.20
 2015-Apr-29 16:36 2457142.191666667      36.45414  14.44431 335.5858   -950.20
 2015-Apr-29 16:41 2457142.195138889      36.45744  14.44539 335.5864   -950.20
 2015-Apr-29 16:46 2457142.198611111      36.46074  14.44647 335.5870   -950.20
 2015-Apr-29 16:51 2457142.202083333      36.46404  14.44755 335.5876   -950.20
 2015-Apr-29 16:56 2457142.205555555      36.46734  14.44862 335.5881   -950.20
 2015-Apr-29 17:01 2457142.209027778      36.47064  14.44970 335.5887   -950.20
 2015-Apr-29 17:06 2457142.212500000      36.47394  14.45078 335.5893   -950.20
 2015-Apr-29 17:11 2457142.215972222      36.47724  14.45186 335.5899   -950.20
 2015-Apr-29 17:16 2457142.219444444      36.48054  14.45294 335.5904   -950.20
 2015-Apr-29 17:21 2457142.222916667      36.48384  14.45402 335.5910   -950.20
 2015-Apr-29 17:26 2457142.226388889      36.48715  14.45510 335.5916   -950.20
 2015-Apr-29 17:31 2457142.229861111      36.49045  14.45618 335.5921   -950.20
 2015-Apr-29 17:36 2457142.233333333      36.49375  14.45726 335.5927   -950.20
 2015-Apr-29 17:41 2457142.236805555      36.49705  14.45833 335.5933   -950.20
 2015-Apr-29 17:46 2457142.240277778      36.50035  14.45941 335.5939   -950.20
 2015-Apr-29 17:51 2457142.243750000      36.50365  14.46049 335.5944   -950.20
 2015-Apr-29 17:56 2457142.247222222      36.50695  14.46157 335.5950   -950.20
 2015-Apr-29 18:01 2457142.250694444      36.51025  14.46265 335.5956   -950.20
 2015-Apr-29 18:06 2457142.254166667      36.51355  14.46373 335.5962   -950.20
 2015-Apr-29 18:11 2457142.257638889      36.51685  14.46481 335.5967   -950.19
 2015-Apr-29 18:16 2457142.261111111      36.52015  14.46588 335.5973   -950.19
 2015-Apr-29 18:21 2457142.264583333      36.52345  14.46696 335.5979   -950.19
 2015-Apr-29 18:26 2457142.268055555      36.52675  14.46804 335.5985   -950.19
 2015-Apr-29 18:31 2457142.271527778      36.53005  14.46912 335.5990   -950.19
 2015-Apr-29 18:36 2457142.275000000      36.53335  14.47020 335.5996   -950.19
 2015-Apr-29 18:41 2457142.278472222      36.53666  14.47127 335.6002   -950.19
 2015-Apr-29 18:46 2457142.281944444      36.53996  14.47235 335.6008   -950.19
 2015-Apr-29 18:51 2457142.285416667      36.54326  14.47343 335.6013   -950.19
 2015-Apr-29 18:56 2457142.288888889      36.54656  14.47451 335.6019   -950.19
 2015-Apr-29 19:01 2457142.292361111      36.54986  14.47559 335.6025   -950.19
 2015-Apr-29 19:06 2457142.295833333      36.55316  14.47666 335.6031   -950.19
 2015-Apr-29 19:11 2457142.299305555      36.55646  14.47774 335.6036   -950.19
 2015-Apr-29 19:16 2457142.302777778      36.55976  14.47882 335.6042   -950.19
 2015-Apr-29 19:21 2457142.306250000      36.56306  14.47990 335.6048   -950.19
 2015-Apr-29 19:26 2457142.309722222      36.56636  14.48098 335.6054   -950.19
 2015-Apr-29 19:31 2457142.313194444      36.56966  14.48205 335.6059   -950.19
 2015-Apr-29 19:36 2457142.316666667      36.57297  14.48313 335.6065   -950.19
 2015-Apr-29 19:41 2457142.320138889      36.57627  14.48421 335.6071   -950.19
 2015-Apr-29 19:46 2457142.323611111      36.57957  14.48529 335.6077   -950.19
 2015-Apr-29 19:51 2457142.327083333      36.58287  14.48636 335.6082   -950.19
 2015-Apr-29 19:56 2457142.330555555      36.58617  14.48744 335.6088   -950.19
 2015-Apr-29 20:01 2457142.334027778      36.58947  14.48852 335.6094   -950.19
 2015-Apr-29 20:06 2457142.337500000      36.59277  14.48960 335.6100   -950.19
 2015-Apr-29 20:11 2457142.340972222      36.59607  14.49067 335.6105   -950.19
 2015-Apr-29 20:16 2457142.344444444      36.59938  14.49175 335.6111   -950.18
 2015-Apr-29 20:21 2457142.347916667      36.60268  14.49283 335.6117   -950.18
 2015-Apr-29 20:26 2457142.351388889      36.60598  14.49390 335.6123   -950.18
 2015-Apr-29 20:31 2457142.354861111      36.60928  14.49498 335.6128   -950.18
 2015-Apr-29 20:36 2457142.358333333      36.61258  14.49606 335.6134   -950.18
 2015-Apr-29 20:41 2457142.361805555      36.61588  14.49713 335.6140   -950.18
 2015-Apr-29 20:46 2457142.365277778      36.61918  14.49821 335.6146   -950.18
 2015-Apr-29 20:51 2457142.368750000      36.62249  14.49929 335.6151   -950.18
 2015-Apr-29 20:56 2457142.372222222      36.62579  14.50037 335.6157   -950.18
 2015-Apr-29 21:01 2457142.375694444      36.62909  14.50144 335.6163   -950.18
 2015-Apr-29 21:06 2457142.379166667      36.63239  14.50252 335.6169   -950.18
 2015-Apr-29 21:11 2457142.382638889      36.63569  14.50360 335.6174   -950.18
 2015-Apr-29 21:16 2457142.386111111      36.63899  14.50467 335.6180   -950.18
 2015-Apr-29 21:21 2457142.389583333      36.64230  14.50575 335.6186   -950.18
 2015-Apr-29 21:26 2457142.393055555      36.64560  14.50682 335.6192   -950.18
 2015-Apr-29 21:31 2457142.396527778      36.64890  14.50790 335.6198   -950.18
 2015-Apr-29 21:36 2457142.400000000      36.65220  14.50898 335.6203   -950.18
 2015-Apr-29 21:41 2457142.403472222      36.65550  14.51005 335.6209   -950.18
 2015-Apr-29 21:46 2457142.406944444      36.65880  14.51113 335.6215   -950.18
 2015-Apr-29 21:51 2457142.410416667      36.66211  14.51221 335.6221   -950.18
 2015-Apr-29 21:56 2457142.413888889      36.66541  14.51328 335.6226   -950.18
 2015-Apr-29 22:01 2457142.417361111      36.66871  14.51436 335.6232   -950.18
 2015-Apr-29 22:06 2457142.420833333      36.67201  14.51544 335.6238   -950.18
 2015-Apr-29 22:11 2457142.424305555      36.67531  14.51651 335.6244   -950.18
 2015-Apr-29 22:16 2457142.427777778      36.67862  14.51759 335.6250   -950.18
 2015-Apr-29 22:21 2457142.431250000      36.68192  14.51866 335.6255   -950.17
 2015-Apr-29 22:26 2457142.434722222      36.68522  14.51974 335.6261   -950.17
 2015-Apr-29 22:31 2457142.438194444      36.68852  14.52082 335.6267   -950.17
 2015-Apr-29 22:36 2457142.441666667      36.69182  14.52189 335.6273   -950.17
 2015-Apr-29 22:41 2457142.445138889      36.69513  14.52297 335.6278   -950.17
 2015-Apr-29 22:46 2457142.448611111      36.69843  14.52404 335.6284   -950.17
 2015-Apr-29 22:51 2457142.452083333      36.70173  14.52512 335.6290   -950.17
 2015-Apr-29 22:56 2457142.455555555      36.70503  14.52619 335.6296   -950.17
 2015-Apr-29 23:01 2457142.459027778      36.70833  14.52727 335.6302   -950.17
 2015-Apr-29 23:06 2457142.462500000      36.71164  14.52835 335.6307   -950.17
 2015-Apr-29 23:11 2457142.465972222      36.71494  14.52942 335.6313   -950.17
 2015-Apr-29 23:16 2457142.469444444      36.71824  14.53050 335.6319   -950.17
 2015-Apr-29 23:21 2457142.472916667      36.72154  14.53157 335.6325   -950.17
 2015-Apr-29 23:26 2457142.476388889      36.72485  14.53265 335.6331   -950.17
 2015-Apr-29 23:31 2457142.479861111      36.72815  14.53372 335.6336   -950.17
 2015-Apr-29 23:36 2457142.483333333      36.73145  14.53480 335.6342   -950.17
 2015-Apr-29 23:41 2457142.486805555      36.73475  14.53587 335.6348   -950.17
 2015-Apr-29 23:46 2457142.490277778      36.73805  14.53695 335.6354   -950.17
 2015-Apr-29 23:51 2457142.493750000      36.74136  14.53802 335.6360   -950.17
 2015-Apr-29 23:56 2457142.497222222      36.74466  14.53910 335.6365   -950.17
 2015-Apr-30 00:01 2457142.500694444      36.74796  14.54017 335.6371   -950.17
 2015-Apr-30 00:06 2457142.504166667      36.75126  14.54125 335.6377   -950.17
 2015-Apr-30 00:11 2457142.507638889      36.75457  14.54232 335.6383   -950.17
 2015-Apr-30 00:16 2457142.511111111      36.75787  14.54340 335.6389   -950.17
 2015-Apr-30 00:21 2457142.514583333      36.76117  14.54447 335.6394   -950.16
 2015-Apr-30 00:26 2457142.518055555      36.76447  14.54555 335.6400   -950.16
 2015-Apr-30 00:31 2457142.521527778      36.76778  14.54662 335.6406   -950.16
 2015-Apr-30 00:36 2457142.525000000      36.77108  14.54770 335.6412   -950.16
 2015-Apr-30 00:41 2457142.528472222      36.77438  14.54877 335.6418   -950.16
 2015-Apr-30 00:46 2457142.531944444      36.77769  14.54985 335.6423   -950.16
 2015-Apr-30 00:51 2457142.535416667      36.78099  14.55092 335.6429   -950.16
 2015-Apr-30 00:56 2457142.538888889      36.78429  14.55199 335.6435   -950.16
 2015-Apr-30 01:01 2457142.542361111      36.78759  14.55307 335.6441   -950.16
 2015-Apr-30 01:06 2457142.545833333      36.79090  14.55414 335.6447   -950.16
 2015-Apr-30 01:11 2457142.549305555      36.79420  14.55522 335.6452   -950.16
 2015-Apr-30 01:16 2457142.552777778      36.79750  14.55629 335.6458   -950.16
 2015-Apr-30 01:21 2457142.556250000      36.80081  14.55737 335.6464   -950.16
 2015-Apr-30 01:26 2457142.559722222      36.80411  14.55844 335.6470   -950.16
 2015-Apr-30 01:31 2457142.563194444      36.80741  14.55951 335.6476   -950.16
 2015-Apr-30 01:36 2457142.566666667      36.81071  14.56059 335.6482   -950.16
 2015-Apr-30 01:41 2457142.570138889      36.81402  14.56166 335.6487   -950.16
 2015-Apr-30 01:46 2457142.573611111      36.81732  14.56274 335.6493   -950.16
 2015-Apr-30 01:51 2457142.577083333      36.82062  14.56381 335.6499   -950.16
 2015-Apr-30 01:56 2457142.580555555      36.82393  14.56488 335.6505   -950.16
 2015-Apr-30 02:01 2457142.584027778      36.82723  14.56596 335.6511   -950.16
 2015-Apr-30 02:06 2457142.587500000      36.83053  14.56703 335.6516   -950.16
 2015-Apr-30 02:11 2457142.590972222      36.83384  14.56811 335.6522   -950.16
 2015-Apr-30 02:16 2457142.594444444      36.83714  14.56918 335.6528   -950.16
 2015-Apr-30 02:21 2457142.597916667      36.84044  14.57025 335.6534   -950.16
 2015-Apr-30 02:26 2457142.601388889      36.84374  14.57133 335.6540   -950.15
 2015-Apr-30 02:31 2457142.604861111      36.84705  14.57240 335.6546   -950.15
 2015-Apr-30 02:36 2457142.608333333      36.85035  14.57347 335.6551   -950.15
 2015-Apr-30 02:41 2457142.611805555      36.85365  14.57455 335.6557   -950.15
 2015-Apr-30 02:46 2457142.615277778      36.85696  14.57562 335.6563   -950.15
 2015-Apr-30 02:51 2457142.618750000      36.86026  14.57669 335.6569   -950.15
 2015-Apr-30 02:56 2457142.622222222      36.86356  14.57777 335.6575   -950.15
 2015-Apr-30 03:01 2457142.625694444      36.86687  14.57884 335.6581   -950.15
 2015-Apr-30 03:06 2457142.629166667      36.87017  14.57991 335.6586   -950.15
 2015-Apr-30 03:11 2457142.632638889      36.87348  14.58099 335.6592   -950.15
 2015-Apr-30 03:16 2457142.636111111      36.87678  14.58206 335.6598   -950.15
 2015-Apr-30 03:21 2457142.639583333      36.88008  14.58313 335.6604   -950.15
 2015-Apr-30 03:26 2457142.643055555      36.88339  14.58421 335.6610   -950.15
 2015-Apr-30 03:31 2457142.646527778      36.88669  14.58528 335.6616   -950.15
 2015-Apr-30 03:36 2457142.650000000      36.88999  14.58635 335.6621   -950.15
 2015-Apr-30 03:41 2457142.653472222      36.89330  14.58743 335.6627   -950.15
 2015-Apr-30 03:46 2457142.656944444      36.89660  14.58850 335.6633   -950.15
 2015-Apr-30 03:51 2457142.660416667      36.89990  14.58957 335.6639   -950.15
 2015-Apr-30 03:56 2457142.663888889      36.90321  14.59064 335.6645   -950.15
 2015-Apr-30 04:01 2457142.667361111      36.90651  14.59172 335.6651   -950.15
 2015-Apr-30 04:06 2457142.670833333      36.90981  14.59279 335.6656   -950.15
 2015-Apr-30 04:11 2457142.674305555      36.91312  14.59386 335.6662   -950.15
 2015-Apr-30 04:16 2457142.677777778      36.91642  14.59493 335.6668   -950.15
 2015-Apr-30 04:21 2457142.681250000      36.91973  14.59601 335.6674   -950.15
 2015-Apr-30 04:26 2457142.684722222      36.92303  14.59708 335.6680   -950.15
 2015-Apr-30 04:31 2457142.688194444      36.92633  14.59815 335.6686   -950.14
 2015-Apr-30 04:36 2457142.691666667      36.92964  14.59922 335.6691   -950.14
 2015-Apr-30 04:41 2457142.695138889      36.93294  14.60030 335.6697   -950.14
 2015-Apr-30 04:46 2457142.698611111      36.93625  14.60137 335.6703   -950.14
 2015-Apr-30 04:51 2457142.702083333      36.93955  14.60244 335.6709   -950.14
 2015-Apr-30 04:56 2457142.705555555      36.94285  14.60351 335.6715   -950.14
 2015-Apr-30 05:01 2457142.709027778      36.94616  14.60458 335.6721   -950.14
 2015-Apr-30 05:06 2457142.712500000      36.94946  14.60566 335.6727   -950.14
 2015-Apr-30 05:11 2457142.715972222      36.95277  14.60673 335.6732   -950.14
 2015-Apr-30 05:16 2457142.719444444      36.95607  14.60780 335.6738   -950.14
 2015-Apr-30 05:21 2457142.722916667      36.95937  14.60887 335.6744   -950.14
 2015-Apr-30 05:26 2457142.726388889      36.96268  14.60994 335.6750   -950.14
 2015-Apr-30 05:31 2457142.729861111      36.96598  14.61102 335.6756   -950.14
 2015-Apr-30 05:36 2457142.733333333      36.96929  14.61209 335.6762   -950.14
 2015-Apr-30 05:41 2457142.736805555      36.97259  14.61316 335.6768   -950.14
 2015-Apr-30 05:46 2457142.740277778      36.97589  14.61423 335.6773   -950.14
 2015-Apr-30 05:51 2457142.743750000      36.97920  14.61530 335.6779   -950.14
 2015-Apr-30 05:56 2457142.747222222      36.98250  14.61637 335.6785   -950.14
 2015-Apr-30 06:01 2457142.750694444      36.98581  14.61745 335.6791   -950.14
 2015-Apr-30 06:06 2457142.754166667      36.98911  14.61852 335.6797   -950.14
 2015-Apr-30 06:11 2457142.757638889      36.99242  14.61959 335.6803   -950.14
 2015-Apr-30 06:16 2457142.761111111      36.99572  14.62066 335.6809   -950.14
 2015-Apr-30 06:21 2457142.764583333      36.99903  14.62173 335.6814   -950.14
 2015-Apr-30 06:26 2457142.768055555      37.00233  14.62280 335.6820   -950.14
 2015-Apr-30 06:31 2457142.771527778      37.00563  14.62387 335.6826   -950.14
 2015-Apr-30 06:36 2457142.775000000      37.00894  14.62495 335.6832   -950.13
 2015-Apr-30 06:41 2457142.778472222      37.01224  14.62602 335.6838   -950.13
 2015-Apr-30 06:46 2457142.781944444      37.01555  14.62709 335.6844   -950.13
 2015-Apr-30 06:51 2457142.785416667      37.01885  14.62816 335.6850   -950.13
 2015-Apr-30 06:56 2457142.788888889      37.02216  14.62923 335.6856   -950.13
 2015-Apr-30 07:01 2457142.792361111      37.02546  14.63030 335.6861   -950.13
 2015-Apr-30 07:06 2457142.795833333      37.02877  14.63137 335.6867   -950.13
 2015-Apr-30 07:11 2457142.799305555      37.03207  14.63244 335.6873   -950.13
 2015-Apr-30 07:16 2457142.802777778      37.03538  14.63351 335.6879   -950.13
 2015-Apr-30 07:21 2457142.806250000      37.03868  14.63458 335.6885   -950.13
 2015-Apr-30 07:26 2457142.809722222      37.04199  14.63565 335.6891   -950.13
 2015-Apr-30 07:31 2457142.813194444      37.04529  14.63673 335.6897   -950.13
 2015-Apr-30 07:36 2457142.816666667      37.04859  14.63780 335.6903   -950.13
 2015-Apr-30 07:41 2457142.820138889      37.05190  14.63887 335.6908   -950.13
 2015-Apr-30 07:46 2457142.823611111      37.05520  14.63994 335.6914   -950.13
 2015-Apr-30 07:51 2457142.827083333      37.05851  14.64101 335.6920   -950.13
 2015-Apr-30 07:56 2457142.830555555      37.06181  14.64208 335.6926   -950.13
 2015-Apr-30 08:01 2457142.834027778      37.06512  14.64315 335.6932   -950.13
 2015-Apr-30 08:06 2457142.837500000      37.06842  14.64422 335.6938   -950.13
 2015-Apr-30 08:11 2457142.840972222      37.07173  14.64529 335.6944   -950.13
 2015-Apr-30 08:16 2457142.844444444      37.07503  14.64636 335.6950   -950.13
 2015-Apr-30 08:21 2457142.847916667      37.07834  14.64743 335.6955   -950.13
 2015-Apr-30 08:26 2457142.851388889      37.08164  14.64850 335.6961   -950.13
 2015-Apr-30 08:31 2457142.854861111      37.08495  14.64957 335.6967   -950.13
 2015-Apr-30 08:36 2457142.858333333      37.08825  14.65064 335.6973   -950.13
 2015-Apr-30 08:41 2457142.861805555      37.09156  14.65171 335.6979   -950.12
 2015-Apr-30 08:46 2457142.865277778      37.09486  14.65278 335.6985   -950.12
 2015-Apr-30 08:51 2457142.868750000      37.09817  14.65385 335.6991   -950.12
 2015-Apr-30 08:56 2457142.872222222      37.10148  14.65492 335.6997   -950.12
 2015-Apr-30 09:01 2457142.875694444      37.10478  14.65599 335.7003   -950.12
 2015-Apr-30 09:06 2457142.879166667      37.10809  14.65706 335.7008   -950.12
 2015-Apr-30 09:11 2457142.882638889      37.11139  14.65813 335.7014   -950.12
 2015-Apr-30 09:16 2457142.886111111      37.11470  14.65920 335.7020   -950.12
 2015-Apr-30 09:21 2457142.889583333      37.11800  14.66027 335.7026   -950.12
 2015-Apr-30 09:26 2457142.893055555      37.12131  14.66134 335.7032   -950.12
 2015-Apr-30 09:31 2457142.896527778      37.12461  14.66241 335.7038   -950.12
 2015-Apr-30 09:36 2457142.900000000      37.12792  14.66348 335.7044   -950.12
 2015-Apr-30 09:41 2457142.903472222      37.13122  14.66455 335.7050   -950.12
 2015-Apr-30 09:46 2457142.906944444      37.13453  14.66561 335.7056   -950.12
 2015-Apr-30 09:51 2457142.910416667      37.13783  14.66668 335.7062   -950.12
 2015-Apr-30 09:56 2457142.913888889      37.14114  14.66775 335.7067   -950.12
 2015-Apr-30 10:01 2457142.917361111      37.14445  14.66882 335.7073   -950.12
 2015-Apr-30 10:06 2457142.920833333      37.14775  14.66989 335.7079   -950.12
 2015-Apr-30 10:11 2457142.924305555      37.15106  14.67096 335.7085   -950.12
 2015-Apr-30 10:16 2457142.927777778      37.15436  14.67203 335.7091   -950.12
 2015-Apr-30 10:21 2457142.931250000      37.15767  14.67310 335.7097   -950.12
 2015-Apr-30 10:26 2457142.934722222      37.16097  14.67417 335.7103   -950.12
 2015-Apr-30 10:31 2457142.938194444      37.16428  14.67524 335.7109   -950.12
 2015-Apr-30 10:36 2457142.941666667      37.16759  14.67631 335.7115   -950.12
 2015-Apr-30 10:41 2457142.945138889      37.17089  14.67737 335.7121   -950.12
 2015-Apr-30 10:46 2457142.948611111      37.17420  14.67844 335.7127   -950.11
 2015-Apr-30 10:51 2457142.952083333      37.17750  14.67951 335.7132   -950.11
 2015-Apr-30 10:56 2457142.955555555      37.18081  14.68058 335.7138   -950.11
 2015-Apr-30 11:01 2457142.959027778      37.18411  14.68165 335.7144   -950.11
 2015-Apr-30 11:06 2457142.962500000      37.18742  14.68272 335.7150   -950.11
 2015-Apr-30 11:11 2457142.965972222      37.19073  14.68379 335.7156   -950.11
 2015-Apr-30 11:16 2457142.969444444      37.19403  14.68485 335.7162   -950.11
 2015-Apr-30 11:21 2457142.972916667      37.19734  14.68592 335.7168   -950.11
 2015-Apr-30 11:26 2457142.976388889      37.20064  14.68699 335.7174   -950.11
 2015-Apr-30 11:31 2457142.979861111      37.20395  14.68806 335.7180   -950.11
 2015-Apr-30 11:36 2457142.983333333      37.20726  14.68913 335.7186   -950.11
 2015-Apr-30 11:41 2457142.986805555      37.21056  14.69020 335.7192   -950.11
 2015-Apr-30 11:46 2457142.990277778      37.21387  14.69126 335.7198   -950.11
 2015-Apr-30 11:51 2457142.993750000      37.21717  14.69233 335.7203   -950.11
 2015-Apr-30 11:56 2457142.997222222      37.22048  14.69340 335.7209   -950.11
 2015-Apr-30 12:01 2457143.000694444      37.22379  14.69447 335.7215   -950.11
 2015-Apr-30 12:06 2457143.004166667      37.22709  14.69554 335.7221   -950.11
 2015-Apr-30 12:11 2457143.007638889      37.23040  14.69660 335.7227   -950.11
 2015-Apr-30 12:16 2457143.011111111      37.23371  14.69767 335.7233   -950.11
 2015-Apr-30 12:21 2457143.014583333      37.23701  14.69874 335.7239   -950.11
 2015-Apr-30 12:26 2457143.018055555      37.24032  14.69981 335.7245   -950.11
 2015-Apr-30 12:31 2457143.021527778      37.24362  14.70088 335.7251   -950.11
 2015-Apr-30 12:36 2457143.025000000      37.24693  14.70194 335.7257   -950.11
 2015-Apr-30 12:41 2457143.028472222      37.25024  14.70301 335.7263   -950.11
 2015-Apr-30 12:46 2457143.031944444      37.25354  14.70408 335.7269   -950.11
 2015-Apr-30 12:51 2457143.035416667      37.25685  14.70515 335.7275   -950.10
 2015-Apr-30 12:56 2457143.038888889      37.26016  14.70621 335.7281   -950.10
 2015-Apr-30 13:01 2457143.042361111      37.26346  14.70728 335.7286   -950.10
 2015-Apr-30 13:06 2457143.045833333      37.26677  14.70835 335.7292   -950.10
 2015-Apr-30 13:11 2457143.049305555      37.27008  14.70942 335.7298   -950.10
 2015-Apr-30 13:16 2457143.052777778      37.27338  14.71048 335.7304   -950.10
 2015-Apr-30 13:21 2457143.056250000      37.27669  14.71155 335.7310   -950.10
 2015-Apr-30 13:26 2457143.059722222      37.28000  14.71262 335.7316   -950.10
 2015-Apr-30 13:31 2457143.063194444      37.28330  14.71368 335.7322   -950.10
 2015-Apr-30 13:36 2457143.066666667      37.28661  14.71475 335.7328   -950.10
 2015-Apr-30 13:41 2457143.070138889      37.28992  14.71582 335.7334   -950.10
 2015-Apr-30 13:46 2457143.073611111      37.29322  14.71689 335.7340   -950.10
 2015-Apr-30 13:51 2457143.077083333      37.29653  14.71795 335.7346   -950.10
 2015-Apr-30 13:56 2457143.080555555      37.29984  14.71902 335.7352   -950.10
 2015-Apr-30 14:01 2457143.084027778      37.30314  14.72009 335.7358   -950.10
 2015-Apr-30 14:06 2457143.087500000      37.30645  14.72115 335.7364   -950.10
 2015-Apr-30 14:11 2457143.090972222      37.30976  14.72222 335.7370   -950.10
 2015-Apr-30 14:16 2457143.094444444      37.31306  14.72329 335.7376   -950.10
 2015-Apr-30 14:21 2457143.097916667      37.31637  14.72435 335.7382   -950.10
 2015-Apr-30 14:26 2457143.101388889      37.31968  14.72542 335.7387   -950.10
 2015-Apr-30 14:31 2457143.104861111      37.32298  14.72649 335.7393   -950.10
 2015-Apr-30 14:36 2457143.108333333      37.32629  14.72755 335.7399   -950.10
 2015-Apr-30 14:41 2457143.111805555      37.32960  14.72862 335.7405   -950.10
 2015-Apr-30 14:46 2457143.115277778      37.33291  14.72969 335.7411   -950.10
 2015-Apr-30 14:51 2457143.118750000      37.33621  14.73075 335.7417   -950.10
 2015-Apr-30 14:56 2457143.122222222      37.33952  14.73182 335.7423   -950.09
 2015-Apr-30 15:01 2457143.125694444      37.34283  14.73288 335.7429   -950.09
 2015-Apr-30 15:06 2457143.129166667      37.34613  14.73395 335.7435   -950.09
 2015-Apr-30 15:11 2457143.132638889      37.34944  14.73502 335.7441   -950.09
 2015-Apr-30 15:16 2457143.136111111      37.35275  14.73608 335.7447   -950.09
 2015-Apr-30 15:21 2457143.139583333      37.35606  14.73715 335.7453   -950.09
 2015-Apr-30 15:26 2457143.143055555      37.35936  14.73821 335.7459   -950.09
 2015-Apr-30 15:31 2457143.146527778      37.36267  14.73928 335.7465   -950.09
 2015-Apr-30 15:36 2457143.150000000      37.36598  14.74035 335.7471   -950.09
 2015-Apr-30 15:41 2457143.153472222      37.36928  14.74141 335.7477   -950.09
 2015-Apr-30 15:46 2457143.156944444      37.37259  14.74248 335.7483   -950.09
 2015-Apr-30 15:51 2457143.160416667      37.37590  14.74354 335.7489   -950.09
 2015-Apr-30 15:56 2457143.163888889      37.37921  14.74461 335.7495   -950.09
 2015-Apr-30 16:01 2457143.167361111      37.38251  14.74568 335.7501   -950.09
 2015-Apr-30 16:06 2457143.170833333      37.38582  14.74674 335.7507   -950.09
 2015-Apr-30 16:11 2457143.174305555      37.38913  14.74781 335.7513   -950.09
 2015-Apr-30 16:16 2457143.177777778      37.39244  14.74887 335.7519   -950.09
 2015-Apr-30 16:21 2457143.181250000      37.39574  14.74994 335.7525   -950.09
 2015-Apr-30 16:26 2457143.184722222      37.39905  14.75100 335.7531   -950.09
 2015-Apr-30 16:31 2457143.188194444      37.40236  14.75207 335.7537   -950.09
 2015-Apr-30 16:36 2457143.191666667      37.40567  14.75313 335.7542   -950.09
 2015-Apr-30 16:41 2457143.195138889      37.40897  14.75420 335.7548   -950.09
 2015-Apr-30 16:46 2457143.198611111      37.41228  14.75526 335.7554   -950.09
 2015-Apr-30 16:51 2457143.202083333      37.41559  14.75633 335.7560   -950.09
 2015-Apr-30 16:56 2457143.205555555      37.41890  14.75739 335.7566   -950.09
 2015-Apr-30 17:01 2457143.209027778      37.42221  14.75846 335.7572   -950.08
 2015-Apr-30 17:06 2457143.212500000      37.42551  14.75952 335.7578   -950.08
 2015-Apr-30 17:11 2457143.215972222      37.42882  14.76059 335.7584   -950.08
 2015-Apr-30 17:16 2457143.219444444      37.43213  14.76165 335.7590   -950.08
 2015-Apr-30 17:21 2457143.222916667      37.43544  14.76272 335.7596   -950.08
 2015-Apr-30 17:26 2457143.226388889      37.43874  14.76378 335.7602   -950.08
 2015-Apr-30 17:31 2457143.229861111      37.44205  14.76485 335.7608   -950.08
 2015-Apr-30 17:36 2457143.233333333      37.44536  14.76591 335.7614   -950.08
 2015-Apr-30 17:41 2457143.236805555      37.44867  14.76698 335.7620   -950.08
 2015-Apr-30 17:46 2457143.240277778      37.45198  14.76804 335.7626   -950.08
 2015-Apr-30 17:51 2457143.243750000      37.45528  14.76911 335.7632   -950.08
 2015-Apr-30 17:56 2457143.247222222      37.45859  14.77017 335.7638   -950.08
 2015-Apr-30 18:01 2457143.250694444      37.46190  14.77124 335.7644   -950.08
 2015-Apr-30 18:06 2457143.254166667      37.46521  14.77230 335.7650   -950.08
 2015-Apr-30 18:11 2457143.257638889      37.46852  14.77337 335.7656   -950.08
 2015-Apr-30 18:16 2457143.261111111      37.47182  14.77443 335.7662   -950.08
 2015-Apr-30 18:21 2457143.264583333      37.47513  14.77549 335.7668   -950.08
 2015-Apr-30 18:26 2457143.268055555      37.47844  14.77656 335.7674   -950.08
 2015-Apr-30 18:31 2457143.271527778      37.48175  14.77762 335.7680   -950.08
 2015-Apr-30 18:36 2457143.275000000      37.48506  14.77869 335.7686   -950.08
 2015-Apr-30 18:41 2457143.278472222      37.48837  14.77975 335.7692   -950.08
 2015-Apr-30 18:46 2457143.281944444      37.49167  14.78081 335.7698   -950.08
 2015-Apr-30 18:51 2457143.285416667      37.49498  14.78188 335.7704   -950.08
 2015-Apr-30 18:56 2457143.288888889      37.49829  14.78294 335.7710   -950.08
 2015-Apr-30 19:01 2457143.292361111      37.50160  14.78401 335.7716   -950.07
 2015-Apr-30 19:06 2457143.295833333      37.50491  14.78507 335.7722   -950.07
 2015-Apr-30 19:11 2457143.299305555      37.50822  14.78613 335.7728   -950.07
 2015-Apr-30 19:16 2457143.302777778      37.51152  14.78720 335.7734   -950.07
 2015-Apr-30 19:21 2457143.306250000      37.51483  14.78826 335.7740   -950.07
 2015-Apr-30 19:26 2457143.309722222      37.51814  14.78933 335.7746   -950.07
 2015-Apr-30 19:31 2457143.313194444      37.52145  14.79039 335.7752   -950.07
 2015-Apr-30 19:36 2457143.316666667      37.52476  14.79145 335.7758   -950.07
 2015-Apr-30 19:41 2457143.320138889      37.52807  14.79252 335.7764   -950.07
 2015-Apr-30 19:46 2457143.323611111      37.53138  14.79358 335.7770   -950.07
 2015-Apr-30 19:51 2457143.327083333      37.53468  14.79464 335.7776   -950.07
 2015-Apr-30 19:56 2457143.330555555      37.53799  14.79571 335.7782   -950.07
 2015-Apr-30 20:01 2457143.334027778      37.54130  14.79677 335.7788   -950.07
 2015-Apr-30 20:06 2457143.337500000      37.54461  14.79783 335.7794   -950.07
 2015-Apr-30 20:11 2457143.340972222      37.54792  14.79890 335.7800   -950.07
 2015-Apr-30 20:16 2457143.344444444      37.55123  14.79996 335.7806   -950.07
 2015-Apr-30 20:21 2457143.347916667      37.55454  14.80102 335.7812   -950.07
 2015-Apr-30 20:26 2457143.351388889      37.55785  14.80209 335.7818   -950.07
 2015-Apr-30 20:31 2457143.354861111      37.56115  14.80315 335.7824   -950.07
 2015-Apr-30 20:36 2457143.358333333      37.56446  14.80421 335.7830   -950.07
 2015-Apr-30 20:41 2457143.361805555      37.56777  14.80527 335.7836   -950.07
 2015-Apr-30 20:46 2457143.365277778      37.57108  14.80634 335.7842   -950.07
 2015-Apr-30 20:51 2457143.368750000      37.57439  14.80740 335.7848   -950.07
 2015-Apr-30 20:56 2457143.372222222      37.57770  14.80846 335.7854   -950.07
 2015-Apr-30 21:01 2457143.375694444      37.58101  14.80953 335.7860   -950.07
 2015-Apr-30 21:06 2457143.379166667      37.58432  14.81059 335.7866   -950.06
 2015-Apr-30 21:11 2457143.382638889      37.58763  14.81165 335.7872   -950.06
 2015-Apr-30 21:16 2457143.386111111      37.59094  14.81271 335.7878   -950.06
 2015-Apr-30 21:21 2457143.389583333      37.59424  14.81378 335.7884   -950.06
 2015-Apr-30 21:26 2457143.393055555      37.59755  14.81484 335.7890   -950.06
 2015-Apr-30 21:31 2457143.396527778      37.60086  14.81590 335.7896   -950.06
 2015-Apr-30 21:36 2457143.400000000      37.60417  14.81696 335.7902   -950.06
 2015-Apr-30 21:41 2457143.403472222      37.60748  14.81803 335.7908   -950.06
 2015-Apr-30 21:46 2457143.406944444      37.61079  14.81909 335.7914   -950.06
 2015-Apr-30 21:51 2457143.410416667      37.61410  14.82015 335.7920   -950.06
 2015-Apr-30 21:56 2457143.413888889      37.61741  14.82121 335.7926   -950.06
 2015-Apr-30 22:01 2457143.417361111      37.62072  14.82227 335.7933   -950.06
 2015-Apr-30 22:06 2457143.420833333      37.62403  14.82334 335.7939   -950.06
 2015-Apr-30 22:11 2457143.424305555      37.62734  14.82440 335.7945   -950.06
 2015-Apr-30 22:16 2457143.427777778      37.63065  14.82546 335.7951   -950.06
 2015-Apr-30 22:21 2457143.431250000      37.63396  14.82652 335.7957   -950.06
 2015-Apr-30 22:26 2457143.434722222      37.63726  14.82758 335.7963   -950.06
 2015-Apr-30 22:31 2457143.438194444      37.64057  14.82865 335.7969   -950.06
 2015-Apr-30 22:36 2457143.441666667      37.64388  14.82971 335.7975   -950.06
 2015-Apr-30 22:41 2457143.445138889      37.64719  14.83077 335.7981   -950.06
 2015-Apr-30 22:46 2457143.448611111      37.65050  14.83183 335.7987   -950.06
 2015-Apr-30 22:51 2457143.452083333      37.65381  14.83289 335.7993   -950.06
 2015-Apr-30 22:56 2457143.455555555      37.65712  14.83395 335.7999   -950.06
 2015-Apr-30 23:01 2457143.459027778      37.66043  14.83502 335.8005   -950.06
 2015-Apr-30 23:06 2457143.462500000      37.66374  14.83608 335.8011   -950.06
 2015-Apr-30 23:11 2457143.465972222      37.66705  14.83714 335.8017   -950.05
 2015-Apr-30 23:16 2457143.469444444      37.67036  14.83820 335.8023   -950.05
 2015-Apr-30 23:21 2457143.472916667      37.67367  14.83926 335.8029   -950.05
 2015-Apr-30 23:26 2457143.476388889      37.67698  14.84032 335.8035   -950.05
 2015-Apr-30 23:31 2457143.479861111      37.68029  14.84138 335.8041   -950.05
 2015-Apr-30 23:36 2457143.483333333      37.68360  14.84244 335.8047   -950.05
 2015-Apr-30 23:41 2457143.486805555      37.68691  14.84351 335.8053   -950.05
 2015-Apr-30 23:46 2457143.490277778      37.69022  14.84457 335.8059   -950.05
 2015-Apr-30 23:51 2457143.493750000      37.69353  14.84563 335.8065   -950.05
 2015-Apr-30 23:56 2457143.497222222      37.69684  14.84669 335.8071   -950.05
