2015-04-29 10:50:00.00     36.56758    14.49359    36.22583    14.36950   335.54648
2015-04-29 10:53:52.50     36.41353    14.56343    36.22839    14.37035   335.54688
2015-04-29 10:57:45.00     36.25946    14.63326    36.23094    14.37119   335.54730
2015-04-29 11:01:37.50     36.10539    14.70309    36.23349    14.37203   335.54778
2015-04-29 11:05:30.00     36.03673    14.55220    36.23605    14.37286   335.54825
2015-04-29 11:09:22.50     36.19591    14.48405    36.23861    14.37370   335.54864
2015-04-29 11:13:15.00     36.35508    14.41591    36.24117    14.37454   335.54907
2015-04-29 11:17:07.50     36.51427    14.34777    36.24372    14.37538   335.54954
2015-04-29 11:21:00.00     36.44561    14.19688    36.24628    14.37622   335.54999
2015-04-29 11:24:52.50     36.29154    14.26671    36.24884    14.37706   335.55039
2015-04-29 11:28:45.00     36.13748    14.33652    36.25140    14.37789   335.55083
2015-04-29 11:32:37.50     35.98340    14.40634    36.25395    14.37873   335.55128
2015-04-29 11:36:30.00     35.91474    14.25545    36.25650    14.37957   335.55175
2015-04-29 11:40:22.50     36.07393    14.18732    36.25906    14.38041   335.55212
2015-04-29 11:44:15.00     36.23312    14.11918    36.26162    14.38125   335.55258
2015-04-29 11:48:07.50     36.39231    14.05104    36.26417    14.38209   335.55305
