2015-04-29 12:27:00.00     36.41799    14.05946    36.28982    14.39050   335.55743
2015-04-29 12:30:38.82     36.26376    14.12922    36.29223    14.39129   335.55785
2015-04-29 12:34:17.65     36.10952    14.19897    36.29464    14.39208   335.55829
2015-04-29 12:37:56.47     35.95528    14.26871    36.29704    14.39287   335.55874
2015-04-29 12:41:35.29     36.02888    14.42123    36.29945    14.39366   335.55917
2015-04-29 12:45:14.12     36.18793    14.35306    36.30186    14.39445   335.55953
2015-04-29 12:48:52.94     36.34699    14.28489    36.30426    14.39523   335.55995
2015-04-29 12:52:31.76     36.50605    14.21672    36.30667    14.39602   335.56039
2015-04-29 12:56:10.59     36.57965    14.36924    36.30908    14.39681   335.56081
2015-04-29 12:59:49.41     36.42540    14.43899    36.31148    14.39760   335.56119
2015-04-29 13:03:28.24     36.27116    14.50873    36.31389    14.39839   335.56160
2015-04-29 13:07:07.06     36.11691    14.57848    36.31630    14.39918   335.56203
2015-04-29 13:10:45.88     36.19049    14.73100    36.31870    14.39997   335.56247
2015-04-29 13:14:24.71     36.34955    14.66284    36.32110    14.40076   335.56283
2015-04-29 13:18:03.53     36.50862    14.59468    36.32351    14.40154   335.56324
2015-04-29 13:21:42.35     36.66768    14.52652    36.32592    14.40233   335.56368
2015-04-29 13:25:21.18     36.32832    14.40312    36.32832    14.40312   335.56413
