2015-09-01 02:10:40.00    159.93120     8.84231   159.78565     8.51938    20.97612
2015-09-01 02:14:30.00    159.77625     8.78168   159.78807     8.51842    20.97681
2015-09-01 02:18:20.00    159.62131     8.72106   159.79048     8.51746    20.97750
2015-09-01 02:22:10.00    159.46637     8.66042   159.79290     8.51650    20.97819
2015-09-01 02:26:00.00    159.52912     8.50384   159.79532     8.51553    20.97888
2015-09-01 02:29:50.00    159.68889     8.56254   159.79773     8.51457    20.97957
2015-09-01 02:33:40.00    159.84865     8.62126   159.80014     8.51361    20.98022
2015-09-01 02:37:30.00    160.00841     8.67998   159.80255     8.51265    20.98088
2015-09-01 02:41:20.00    160.07116     8.52340   159.80496     8.51169    20.98154
2015-09-01 02:45:10.00    159.91622     8.46277   159.80738     8.51073    20.98223
2015-09-01 02:49:00.00    159.76129     8.40212   159.80979     8.50977    20.98292
2015-09-01 02:52:50.00    159.60637     8.34148   159.81221     8.50881    20.98361
2015-09-01 02:56:40.00    159.66913     8.18490   159.81463     8.50785    20.98430
2015-09-01 03:00:30.00    159.82890     8.24362   159.81704     8.50688    20.98498
2015-09-01 03:04:20.00    159.98866     8.30235   159.81946     8.50592    20.98564
2015-09-01 03:08:10.00    160.14842     8.36108   159.82187     8.50496    20.98629
