 2015-Aug-31 00:00:00.000 2457265.500000000     158.79552   8.91170  20.6948    943.11
 2015-Aug-31 00:10:00.000 2457265.506944444     158.80183   8.90921  20.6966    943.11
 2015-Aug-31 00:20:00.000 2457265.513888889     158.80814   8.90672  20.6984    943.11
 2015-Aug-31 00:30:00.000 2457265.520833333     158.81444   8.90423  20.7002    943.11
 2015-Aug-31 00:40:00.000 2457265.527777778     158.82075   8.90174  20.7020    943.12
 2015-Aug-31 00:50:00.000 2457265.534722222     158.82706   8.89925  20.7038    943.12
 2015-Aug-31 01:00:00.000 2457265.541666667     158.83337   8.89676  20.7056    943.12
 2015-Aug-31 01:10:00.000 2457265.548611111     158.83968   8.89427  20.7074    943.12
 2015-Aug-31 01:20:00.000 2457265.555555556     158.84599   8.89178  20.7092    943.12
 2015-Aug-31 01:30:00.000 2457265.562500000     158.85229   8.88929  20.7111    943.12
 2015-Aug-31 01:40:00.000 2457265.569444444     158.85860   8.88680  20.7129    943.12
 2015-Aug-31 01:50:00.000 2457265.576388889     158.86491   8.88431  20.7147    943.12
 2015-Aug-31 02:00:00.000 2457265.583333333     158.87122   8.88182  20.7165    943.13
 2015-Aug-31 02:10:00.000 2457265.590277778     158.87753   8.87933  20.7183    943.13
 2015-Aug-31 02:20:00.000 2457265.597222222     158.88384   8.87684  20.7201    943.13
 2015-Aug-31 02:30:00.000 2457265.604166667     158.89014   8.87435  20.7219    943.13
 2015-Aug-31 02:40:00.000 2457265.611111111     158.89645   8.87186  20.7237    943.13
 2015-Aug-31 02:50:00.000 2457265.618055556     158.90276   8.86937  20.7255    943.13
 2015-Aug-31 03:00:00.000 2457265.625000000     158.90907   8.86688  20.7273    943.13
 2015-Aug-31 03:10:00.000 2457265.631944444     158.91537   8.86439  20.7291    943.13
 2015-Aug-31 03:20:00.000 2457265.638888889     158.92168   8.86190  20.7309    943.14
 2015-Aug-31 03:30:00.000 2457265.645833333     158.92799   8.85941  20.7327    943.14
 2015-Aug-31 03:40:00.000 2457265.652777778     158.93430   8.85692  20.7346    943.14
 2015-Aug-31 03:50:00.000 2457265.659722222     158.94060   8.85442  20.7364    943.14
 2015-Aug-31 04:00:00.000 2457265.666666667     158.94691   8.85193  20.7382    943.14
 2015-Aug-31 04:10:00.000 2457265.673611111     158.95322   8.84944  20.7400    943.14
 2015-Aug-31 04:20:00.000 2457265.680555556     158.95953   8.84695  20.7418    943.14
 2015-Aug-31 04:30:00.000 2457265.687500000     158.96583   8.84446  20.7436    943.14
 2015-Aug-31 04:40:00.000 2457265.694444444     158.97214   8.84197  20.7454    943.15
 2015-Aug-31 04:50:00.000 2457265.701388889     158.97845   8.83947  20.7472    943.15
 2015-Aug-31 05:00:00.000 2457265.708333333     158.98476   8.83698  20.7490    943.15
 2015-Aug-31 05:10:00.000 2457265.715277778     158.99106   8.83449  20.7508    943.15
 2015-Aug-31 05:20:00.000 2457265.722222222     158.99737   8.83200  20.7526    943.15
 2015-Aug-31 05:30:00.000 2457265.729166667     159.00368   8.82950  20.7544    943.15
 2015-Aug-31 05:40:00.000 2457265.736111111     159.00998   8.82701  20.7562    943.15
 2015-Aug-31 05:50:00.000 2457265.743055556     159.01629   8.82452  20.7580    943.15
 2015-Aug-31 06:00:00.000 2457265.750000000     159.02260   8.82203  20.7598    943.16
 2015-Aug-31 06:10:00.000 2457265.756944444     159.02890   8.81953  20.7616    943.16
 2015-Aug-31 06:20:00.000 2457265.763888889     159.03521   8.81704  20.7634    943.16
 2015-Aug-31 06:30:00.000 2457265.770833333     159.04152   8.81455  20.7652    943.16
 2015-Aug-31 06:40:00.000 2457265.777777778     159.04782   8.81205  20.7670    943.16
 2015-Aug-31 06:50:00.000 2457265.784722222     159.05413   8.80956  20.7688    943.16
 2015-Aug-31 07:00:00.000 2457265.791666667     159.06043   8.80706  20.7706    943.16
 2015-Aug-31 07:10:00.000 2457265.798611111     159.06674   8.80457  20.7724    943.16
 2015-Aug-31 07:20:00.000 2457265.805555556     159.07305   8.80208  20.7742    943.17
 2015-Aug-31 07:30:00.000 2457265.812500000     159.07935   8.79958  20.7760    943.17
 2015-Aug-31 07:40:00.000 2457265.819444444     159.08566   8.79709  20.7778    943.17
 2015-Aug-31 07:50:00.000 2457265.826388889     159.09196   8.79460  20.7796    943.17
 2015-Aug-31 08:00:00.000 2457265.833333333     159.09827   8.79210  20.7814    943.17
 2015-Aug-31 08:10:00.000 2457265.840277778     159.10458   8.78961  20.7832    943.17
 2015-Aug-31 08:20:00.000 2457265.847222222     159.11088   8.78711  20.7850    943.17
 2015-Aug-31 08:30:00.000 2457265.854166667     159.11719   8.78462  20.7868    943.17
 2015-Aug-31 08:40:00.000 2457265.861111111     159.12349   8.78212  20.7886    943.18
 2015-Aug-31 08:50:00.000 2457265.868055556     159.12980   8.77963  20.7904    943.18
 2015-Aug-31 09:00:00.000 2457265.875000000     159.13610   8.77713  20.7922    943.18
 2015-Aug-31 09:10:00.000 2457265.881944444     159.14241   8.77464  20.7940    943.18
 2015-Aug-31 09:20:00.000 2457265.888888889     159.14871   8.77214  20.7958    943.18
 2015-Aug-31 09:30:00.000 2457265.895833333     159.15502   8.76965  20.7976    943.18
 2015-Aug-31 09:40:00.000 2457265.902777778     159.16132   8.76715  20.7.61972  20.9050    943.26
 2015-Aug-31 19:40:00.000 2457266.319444444     159.53952   8.61722  20.9068    943.26
 2015-Aug-31 19:50:00.000 2457266.326388889     159.54583   8.61472  20.9085    943.26
 2015-Aug-31 20:00:00.000 2457266.333333333     159.55213   8.61221  20.9103    943.26
 2015-Aug-31 20:10:00.000 2457266.340277778     159.55843   8.60971  20.9121    943.26
 2015-Aug-31 20:20:00.000 2457266.347222222     159.56473   8.60721  20.9139    943.26
 2015-Aug-31 20:30:00.000 2457266.354166667     159.57103   8.60471  20.9157    943.26
 2015-Aug-31 20:40:00.000 2457266.361111111     159.57733   8.60220  20.9174    943.27
 2015-Aug-31 20:50:00.000 2457266.368055556     159.58363   8.59970  20.9192    943.27
 2015-Aug-31 21:00:00.000 2457266.375000000     159.58993   8.59720  20.9210    943.27
 2015-Aug-31 21:10:00.000 2457266.381944444     159.59624   8.59469  20.9228    943.27
 2015-Aug-31 21:20:00.000 2457266.388888889     159.60254   8.59219  20.9246    943.27
 2015-Aug-31 21:30:00.000 2457266.395833333     159.60884   8.58969  20.9263    943.27
 2015-Aug-31 21:40:00.000 2457266.402777778     159.61514   8.58718  20.9281    943.27
 2015-Aug-31 21:50:00.000 2457266.409722222     159.62144   8.58468  20.9299    943.27
 2015-Aug-31 22:00:00.000 2457266.416666667     159.62774   8.58218  20.9317    943.28
 2015-Aug-31 22:10:00.000 2457266.423611111     159.63404   8.57967  20.9334    943.28
 2015-Aug-31 22:20:00.000 2457266.430555556     159.64034   8.57717  20.9352    943.28
 2015-Aug-31 22:30:00.000 2457266.437500000     159.64664   8.57466  20.9370    943.28
 2015-Aug-31 22:40:00.000 2457266.444444444     159.65294   8.57216  20.9388    943.28
 2015-Aug-31 22:50:00.000 2457266.451388889     159.65924   8.56965  20.9405    943.28
 2015-Aug-31 23:00:00.000 2457266.458333333     159.66554   8.56715  20.9423    943.28
 2015-Aug-31 23:10:00.000 2457266.465277778     159.67184   8.56465  20.9441    943.28
 2015-Aug-31 23:20:00.000 2457266.472222222     159.67814   8.56214  20.9459    943.29
 2015-Aug-31 23:30:00.000 2457266.479166667     159.68444   8.55964  20.9476    943.29
 2015-Aug-31 23:40:00.000 2457266.486111111     159.69074   8.55713  20.9494    943.29
 2015-Aug-31 23:50:00.000 2457266.493055556     159.69704   8.55463  20.9512    943.29
 2015-Sep-01 00:00:00.000 2457266.500000000     159.70334   8.55212  20.9530    943.29
 2015-Sep-01 00:10:00.000 2457266.506944444     159.70964   8.54962  20.9547    943.29
 2015-Sep-01 00:20:00.000 2457266.513888889     159.71594   8.54711  20.9565    943.29
 2015-Sep-01 00:30:00.000 2457266.520833333     159.72224   8.54461  20.9583    943.29
 2015-Sep-01 00:40:00.000 2457266.527777778     159.72854   8.54210  20.9601    943.30
 2015-Sep-01 00:50:00.000 2457266.534722222     159.73484   8.53959  20.9618    943.30
 2015-Sep-01 01:00:00.000 2457266.541666667     159.74114   8.53709  20.9636    943.30
 2015-Sep-01 01:10:00.000 2457266.548611111     159.74744   8.53458  20.9654    943.30
 2015-Sep-01 01:20:00.000 2457266.555555556     159.75374   8.53208  20.9672    943.30
 2015-Sep-01 01:30:00.000 2457266.562500000     159.76004   8.52957  20.9689    943.30
 2015-Sep-01 01:40:00.000 2457266.569444444     159.76634   8.52706  20.9707    943.30
 2015-Sep-01 01:50:00.000 2457266.576388889     159.77264   8.52456  20.9725    943.31
 2015-Sep-01 02:00:00.000 2457266.583333333     159.77894   8.52205  20.9742    943.31
 2015-Sep-01 02:10:00.000 2457266.590277778     159.78524   8.51955  20.9760    943.31
 2015-Sep-01 02:20:00.000 2457266.597222222     159.79153   8.51704  20.9778    943.31
 2015-Sep-01 02:30:00.000 2457266.604166667     159.79783   8.51453  20.9796    943.31
 2015-Sep-01 02:40:00.000 2457266.611111111     159.80413   8.51203  20.9813    943.31
 2015-Sep-01 02:50:00.000 2457266.618055556     159.81043   8.50952  20.9831    943.31
 2015-Sep-01 03:00:00.000 2457266.625000000     159.81673   8.50701  20.9849    943.31
 2015-Sep-01 03:10:00.000 2457266.631944444     159.82303   8.50450  20.9866    943.32
 2015-Sep-01 03:20:00.000 2457266.638888889     159.82933   8.50200  20.9884    943.32
 2015-Sep-01 03:30:00.000 2457266.645833333     159.83563   8.49949  20.9902    943.32
 2015-Sep-01 03:40:00.000 2457266.652777778     159.84193   8.49698  20.9919    943.32
 2015-Sep-01 03:50:00.000 2457266.659722222     159.84822   8.49447  20.9937    943.32
 2015-Sep-01 04:00:00.000 2457266.666666667     159.85452   8.49197  20.9955    943.32
 2015-Sep-01 04:10:00.000 2457266.673611111     159.86082   8.48946  20.9972    943.32
 2015-Sep-01 04:20:00.000 2457266.680555556     159.86712   8.48695  20.9990    943.32
 2015-Sep-01 04:30:00.000 2457266.687500000     159.87342   8.48444  21.0008    943.33
 2015-Sep-01 04:40:00.000 2457266.694444444     159.87972   8.48193  21.0025    943.33
 2015-Sep-01 04:50:00.000 2457266.701388889     159.88601   8.47943  21.0043    943.33
 2015-Sep-01 05:00:00.000 2457266.708333333     159.89231   8.47692  21.0061    943.33
 2015-Sep-01 05:10:00.000 2457266.715277778     159.89861   8.47441  21.0078    943.33
 2015-Sep-01 05:20:00.000 2457266.722222222     159.90491   8.47190  21.0096    943.33
 2015-Sep-01 05:30:00.000 2457266.729166667     159.91121   8.46939  21.0114    943.33
 2015-Sep-01 05:40:00.000 2457266.736111111     159.91750   8.46688  21.0131    943.33
 2015-Sep-01 05:50:00.000 2457266.743055556     159.92380   8.46437  21.0149    943.34
 2015-Sep-01 06:00:00.000 2457266.750000000     159.93010   8.46186  21.0167    943.34
 2015-Sep-01 06:10:00.000 2457266.756944444     159.93640   8.45936  21.0184    943.34
 2015-Sep-01 06:20:00.000 2457266.763888889     159.94270   8.45685  21.0202    943.34
 2015-Sep-01 06:30:00.000 2457266.770833333     159.94899   8.45434  21.0220    943.34
 2015-Sep-01 06:40:00.000 2457266.777777778     159.95529   8.45183  21.0237    943.34
 2015-Sep-01 06:50:00.000 2457266.784722222     159.96159   8.44932  21.0255    943.34
 2015-Sep-01 07:00:00.000 2457266.791666667     159.96789   8.44681  21.0273    943.34
 2015-Sep-01 07:10:00.000 2457266.798611111     159.97418   8.44430  21.0290    943.35
 2015-Sep-01 07:20:00.000 2457266.805555556     159.98048   8.44179  21.0308    943.35
 2015-Sep-01 07:30:00.000 2457266.812500000     159.98678   8.43928  21.0325    943.35
 2015-Sep-01 07:40:00.000 2457266.819444444     159.99307   8.43677  21.0343    943.35
 2015-Sep-01 07:50:00.000 2457266.826388889     159.99937   8.43426  21.0361    943.35
 2015-Sep-01 08:00:00.000 2457266.833333333     160.00567   8.43175  21.0378    943.35
 2015-Sep-01 08:10:00.000 2457266.840277778     160.01197   8.42924  21.0396    943.35
 2015-Sep-01 08:20:00.000 2457266.847222222     160.01826   8.42673  21.0413    943.35
 2015-Sep-01 08:30:00.000 2457266.854166667     160.02456   8.42422  21.0431    943.36
 2015-Sep-01 08:40:00.000 2457266.861111111     160.03086   8.42171  21.0449    943.36
 2015-Sep-01 08:50:00.000 2457266.868055556     160.03715   8.41919  21.0466    943.36
 2015-Sep-01 09:00:00.000 2457266.875000000     160.04345   8.41668  21.0484    943.36
 2015-Sep-01 09:10:00.000 2457266.881944444     160.04975   8.41417  21.0502    943.36
 2015-Sep-01 09:20:00.000 2457266.888888889     160.05604   8.41166  21.0519    943.36
 2015-Sep-01 09:30:00.000 2457266.895833333     160.06234   8.40915  21.0537    943.36
 2015-Sep-01 09:40:00.000 2457266.902777778     160.06864   8.40664  21.0554    943.37
 2015-Sep-01 09:50:00.000 2457266.909722222     160.07493   8.40413  21.0572    943.37
 2015-Sep-01 10:00:00.000 2457266.916666667     160.08123   8.40161  21.0589    943.37
 2015-Sep-01 10:10:00.000 2457266.923611111     160.08753   8.39910  21.0607    943.37
 2015-Sep-01 10:20:00.000 2457266.930555556     160.09382   8.39659  21.0625    943.37
 2015-Sep-01 10:30:00.000 2457266.937500000     160.10012   8.39408  21.0642    943.37
 2015-Sep-01 10:40:00.000 2457266.944444444     160.10641   8.39157  21.0660    943.37
 2015-Sep-01 10:50:00.000 2457266.951388889     160.11271   8.38905  21.0677    943.37
 2015-Sep-01 11:00:00.000 2457266.958333333     160.11901   8.38654  21.0695    943.38
 2015-Sep-01 11:10:00.000 2457266.965277778     160.12530   8.38403  21.0712    943.38
 2015-Sep-01 11:20:00.000 2457266.972222222     160.13160   8.38152  21.0730    943.38
 2015-Sep-01 11:30:00.000 2457266.979166667     160.13789   8.37900  21.0748    943.38
 2015-Sep-01 11:40:00.000 2457266.986111111     160.14419   8.37649  21.0765    943.38
 2015-Sep-01 11:50:00.000 2457266.993055556     160.15049   8.37398  21.0783    943.38
 2015-Sep-01 12:00:00.000 2457267.000000000     160.15678   8.37147  21.0800    943.38
 2015-Sep-01 12:10:00.000 2457267.006944444     160.16308   8.36895  21.0818    943.38
 2015-Sep-01 12:20:00.000 2457267.013888889     160.16937   8.36644  21.0835    943.39
 2015-Sep-01 12:30:00.000 2457267.020833333     160.17567   8.36393  21.0853    943.39
 2015-Sep-01 12:40:00.000 2457267.027777778     160.18196   8.36141  21.0870    943.39
 2015-Sep-01 12:50:00.000 2457267.034722222     160.18826   8.35890  21.0888    943.39
 2015-Sep-01 13:00:00.000 2457267.041666667     160.19455   8.35639  21.0906    943.39
 2015-Sep-01 13:10:00.000 2457267.048611111     160.20085   8.35387  21.0923    943.39
 2015-Sep-01 13:20:00.000 2457267.055555556     160.20714   8.35136  21.0941    943.39
 2015-Sep-01 13:30:00.000 2457267.062500000     160.21344   8.34884  21.0958    943.39
 2015-Sep-01 13:40:00.000 2457267.069444444     160.21973   8.34633  21.0976    943.40
 2015-Sep-01 13:50:00.000 2457267.076388889     160.22603   8.34382  21.0993    943.40
 2015-Sep-01 14:00:00.000 2457267.083333333     160.23232   8.34130  21.1011    943.40
 2015-Sep-01 14:10:00.000 2457267.090277778     160.23862   8.33879  21.1028    943.40
 2015-Sep-01 14:20:00.000 2457267.097222222     160.24491   8.33627  21.1046    943.40
 2015-Sep-01 14:30:00.000 2457267.104166667     160.25121   8.33376  21.1063    943.40
 2015-Sep-01 14:40:00.000 2457267.111111111     160.25750   8.33124  21.1081    943.40
 2015-Sep-01 14:50:00.000 2457267.118055556     160.26380   8.32873  21.1098    943.41
 2015-Sep-01 15:00:00.000 2457267.125000000     160.27009   8.32621  21.1116    943.41
 2015-Sep-01 15:10:00.000 2457267.131944444     160.27639   8.32370  21.1133    943.41
 2015-Sep-01 15:20:00.000 2457267.138888889     160.28268   8.32118  21.1151    943.41
 2015-Sep-01 15:30:00.000 2457267.145833333     160.28898   8.31867  21.1168    943.41
 2015-Sep-01 15:40:00.000 2457267.152777778     160.29527   8.31615  21.1186    943.41
 2015-Sep-01 15:50:00.000 2457267.159722222     160.30157   8.31364  21.1203    943.41
 2015-Sep-01 16:00:00.000 2457267.166666667     160.30786   8.31112  21.1221    943.41
 2015-Sep-01 16:10:00.000 2457267.173611111     160.31415   8.30861  21.1238    943.42
 2015-Sep-01 16:20:00.000 2457267.180555556     160.32045   8.30609  21.1256    943.42
 2015-Sep-01 16:30:00.000 2457267.187500000     160.32674   8.30357  21.1273    943.42
 2015-Sep-01 16:40:00.000 2457267.194444444     160.33304   8.30106  21.1291    943.42
 2015-Sep-01 16:50:00.000 2457267.201388889     160.33933   8.29854  21.1308    943.42
 2015-Sep-01 17:00:00.000 2457267.208333333     160.34562   8.29603  21.1326    943.42
 2015-Sep-01 17:10:00.000 2457267.215277778     160.35192   8.29351  21.1343    943.42
 2015-Sep-01 17:20:00.000 2457267.222222222     160.35821   8.29099  21.1361    943.42
 2015-Sep-01 17:30:00.000 2457267.229166667     160.36451   8.28848  21.1378    943.43
 2015-Sep-01 17:40:00.000 2457267.236111111     160.37080   8.28596  21.1395    943.43
 2015-Sep-01 17:50:00.000 2457267.243055556     160.37709   8.28344  21.1413    943.43
 2015-Sep-01 18:00:00.000 2457267.250000000     160.38339   8.28093  21.1430    943.43
 2015-Sep-01 18:10:00.000 2457267.256944444     160.38968   8.27841  21.1448    943.43
 2015-Sep-01 18:20:00.000 2457267.263888889     160.39597   8.27589  21.1465    943.43
 2015-Sep-01 18:30:00.000 2457267.270833333     160.40227   8.27337  21.1483    943.43
 2015-Sep-01 18:40:00.000 2457267.277777778     160.40856   8.27086  21.1500    943.43
 2015-Sep-01 18:50:00.000 2457267.284722222     160.41485   8.26834  21.1518    943.44
 2015-Sep-01 19:00:00.000 2457267.291666667     160.42115   8.26582  21.1535    943.44
 2015-Sep-01 19:10:00.000 2457267.298611111     160.42744   8.26330  21.1552    943.44
 2015-Sep-01 19:20:00.000 2457267.305555556     160.43373   8.26079  21.1570    943.44
 2015-Sep-01 19:30:00.000 2457267.312500000     160.44003   8.25827  21.1587    943.44
 2015-Sep-01 19:40:00.000 2457267.319444444     160.44632   8.25575  21.1605    943.44
 2015-Sep-01 19:50:00.000 2457267.326388889     160.45261   8.25323  21.1622    943.44
 2015-Sep-01 20:00:00.000 2457267.333333333     160.45891   8.25071  21.1640    943.45
 2015-Sep-01 20:10:00.000 2457267.340277778     160.46520   8.24820  21.1657    943.45
 2015-Sep-01 20:20:00.000 2457267.347222222     160.47149   8.24568  21.1674    943.45
 2015-Sep-01 20:30:00.000 2457267.354166667     160.47778   8.24316  21.1692    943.45
 2015-Sep-01 20:40:00.000 2457267.361111111     160.48408   8.24064  21.1709    943.45
 2015-Sep-01 20:50:00.000 2457267.368055556     160.49037   8.23812  21.1727    943.45
 2015-Sep-01 21:00:00.000 2457267.375000000     160.49666   8.23560  21.1744    943.45
 2015-Sep-01 21:10:00.000 2457267.381944444     160.50295   8.23308  21.1762    943.45
 2015-Sep-01 21:20:00.000 2457267.388888889     160.50925   8.23057  21.1779    943.46
 2015-Sep-01 21:30:00.000 2457267.395833333     160.51554   8.22805  21.1796    943.46
 2015-Sep-01 21:40:00.000 2457267.402777778     160.52183   8.22553  21.1814    943.46
 2015-Sep-01 21:50:00.000 2457267.409722222     160.52812   8.22301  21.1831    943.46
 2015-Sep-01 22:00:00.000 2457267.416666667     160.53442   8.22049  21.1849    943.46
 2015-Sep-01 22:10:00.000 2457267.423611111     160.54071   8.21797  21.1866    943.46
 2015-Sep-01 22:20:00.000 2457267.430555556     160.54700   8.21545  21.1883    943.46
 2015-Sep-01 22:30:00.000 2457267.437500000     160.55329   8.21293  21.1901    943.46
 2015-Sep-01 22:40:00.000 2457267.444444444     160.55958   8.21041  21.1918    943.47
 2015-Sep-01 22:50:00.000 2457267.451388889     160.56588   8.20789  21.1935    943.47
 2015-Sep-01 23:00:00.000 2457267.458333333     160.57217   8.20537  21.1953    943.47
 2015-Sep-01 23:10:00.000 2457267.465277778     160.57846   8.20285  21.1970    943.47
 2015-Sep-01 23:20:00.000 2457267.472222222     160.58475   8.20033  21.1988    943.47
 2015-Sep-01 23:30:00.000 2457267.479166667     160.59104   8.19781  21.2005    943.47
 2015-Sep-01 23:40:00.000 2457267.486111111     160.59734   8.19529  21.2022    943.47
 2015-Sep-01 23:50:00.000 2457267.493055556     160.60363   8.19277  21.2040    943.48
 2015-Sep-02 00:00:00.000 2457267.500000000     160.60992   8.19025  21.2057    943.48
 2015-Sep-02 00:10:00.000 2457267.506944444     160.61621   8.18773  21.2074    943.48
 2015-Sep-02 00:20:00.000 2457267.513888889     160.62250   8.18520  21.2092    943.48
 2015-Sep-02 00:30:00.000 2457267.520833333     160.62879   8.18268  21.2109    943.48
 2015-Sep-02 00:40:00.000 2457267.527777778     160.63508   8.18016  21.2126    943.48
 2015-Sep-02 00:50:00.000 2457267.534722222     160.64138   8.17764  21.2144    943.48
 2015-Sep-02 01:00:00.000 2457267.541666667     160.64767   8.17512  21.2161    943.48
 2015-Sep-02 01:10:00.000 2457267.548611111     160.65396   8.17260  21.2178    943.49
 2015-Sep-02 01:20:00.000 2457267.555555556     160.66025   8.17008  21.2196    943.49
 2015-Sep-02 01:30:00.000 2457267.562500000     160.66654   8.16755  21.2213    943.49
 2015-Sep-02 01:40:00.000 2457267.569444444     160.67283   8.16503  21.2230    943.49
 2015-Sep-02 01:50:00.000 2457267.576388889     160.67912   8.16251  21.2248    943.49
 2015-Sep-02 02:00:00.000 2457267.583333333     160.68541   8.15999  21.2265    943.49
 2015-Sep-02 02:10:00.000 2457267.590277778     160.69170   8.15747  21.2282    943.49
 2015-Sep-02 02:20:00.000 2457267.597222222     160.69799   8.15494  21.2300    943.49
 2015-Sep-02 02:30:00.000 2457267.604166667     160.70429   8.15242  21.2317    943.50
 2015-Sep-02 02:40:00.000 2457267.611111111     160.71058   8.14990  21.2334    943.50
 2015-Sep-02 02:50:00.000 2457267.618055556     160.71687   8.14738  21.2352    943.50
 2015-Sep-02 03:00:00.000 2457267.625000000     160.72316   8.14485  21.2369    943.50
 2015-Sep-02 03:10:00.000 2457267.631944444     160.72945   8.14233  21.2386    943.50
 2015-Sep-02 03:20:00.000 2457267.638888889     160.73574   8.13981  21.2404    943.50
 2015-Sep-02 03:30:00.000 2457267.645833333     160.74203   8.13729  21.2421    943.50
 2015-Sep-02 03:40:00.000 2457267.652777778     160.74832   8.13476  21.2438    943.51
 2015-Sep-02 03:50:00.000 2457267.659722222     160.75461   8.13224  21.2456    943.51
 2015-Sep-02 04:00:00.000 2457267.666666667     160.76090   8.12972  21.2473    943.51
 2015-Sep-02 04:10:00.000 2457267.673611111     160.76719   8.12719  21.2490    943.51
 2015-Sep-02 04:20:00.000 2457267.680555556     160.77348   8.12467  21.2507    943.51
 2015-Sep-02 04:30:00.000 2457267.687500000     160.77977   8.12215  21.2525    943.51
 2015-Sep-02 04:40:00.000 2457267.694444444     160.78606   8.11962  21.2542    943.51
 2015-Sep-02 04:50:00.000 2457267.701388889     160.79235   8.11710  21.2559    943.51
 2015-Sep-02 05:00:00.000 2457267.708333333     160.79864   8.11457  21.2577    943.52
 2015-Sep-02 05:10:00.000 2457267.715277778     160.80493   8.11205  21.2594    943.52
 2015-Sep-02 05:20:00.000 2457267.722222222     160.81122   8.10953  21.2611    943.52
 2015-Sep-02 05:30:00.000 2457267.729166667     160.81751   8.10700  21.2628    943.52
 2015-Sep-02 05:40:00.000 2457267.736111111     160.82380   8.10448  21.2646    943.52
 2015-Sep-02 05:50:00.000 2457267.743055556     160.83009   8.10195  21.2663    943.52
 2015-Sep-02 06:00:00.000 2457267.750000000     160.83638   8.09943  21.2680    943.52
 2015-Sep-02 06:10:00.000 2457267.756944444     160.84267   8.09690  21.2697    943.53
 2015-Sep-02 06:20:00.000 2457267.763888889     160.84896   8.09438  21.2715    943.53
 2015-Sep-02 06:30:00.000 2457267.770833333     160.85525   8.09185  21.2732    943.53
 2015-Sep-02 06:40:00.000 2457267.777777778     160.86154   8.08933  21.2749    943.53
 2015-Sep-02 06:50:00.000 2457267.784722222     160.86783   8.08680  21.2766    943.53
 2015-Sep-02 07:00:00.000 2457267.791666667     160.87411   8.08428  21.2784    943.53
 2015-Sep-02 07:10:00.000 2457267.798611111     160.88040   8.08175  21.2801    943.53
 2015-Sep-02 07:20:00.000 2457267.805555556     160.88669   8.07923  21.2818    943.53
 2015-Sep-02 07:30:00.000 2457267.812500000     160.89298   8.07670  21.2835    943.54
 2015-Sep-02 07:40:00.000 2457267.819444444     160.89927   8.07418  21.2853    943.54
 2015-Sep-02 07:50:00.000 2457267.826388889     160.90556   8.07165  21.2870    943.54
 2015-Sep-02 08:00:00.000 2457267.833333333     160.91185   8.06913  21.2887    943.54
 2015-Sep-02 08:10:00.000 2457267.840277778     160.91814   8.06660  21.2904    943.54
 2015-Sep-02 08:20:00.000 2457267.847222222     160.92443   8.06407  21.2922    943.54
 2015-Sep-02 08:30:00.000 2457267.854166667     160.93072   8.06155  21.2939    943.54
 2015-Sep-02 08:40:00.000 2457267.861111111     160.93700   8.05902  21.2956    943.55
 2015-Sep-02 08:50:00.000 2457267.868055556     160.94329   8.05649  21.2973    943.55
 2015-Sep-02 09:00:00.000 2457267.875000000     160.94958   8.05397  21.2991    943.55
 2015-Sep-02 09:10:00.000 2457267.881944444     160.95587   8.05144  21.3008    943.55
 2015-Sep-02 09:20:00.000 2457267.888888889     160.96216   8.04891  21.3025    943.55
 2015-Sep-02 09:30:00.000 2457267.895833333     160.96845   8.04639  21.3042    943.55
 2015-Sep-02 09:40:00.000 2457267.902777778     160.97473   8.04386  21.3059    943.55
 2015-Sep-02 09:50:00.000 2457267.909722222     160.98102   8.04133  21.3077    943.55
 2015-Sep-02 10:00:00.000 2457267.916666667     160.98731   8.03881  21.3094    943.56
 2015-Sep-02 10:10:00.000 2457267.923611111     160.99360   8.03628  21.3111    943.56
 2015-Sep-02 10:20:00.000 2457267.930555556     160.99989   8.03375  21.3128    943.56
 2015-Sep-02 10:30:00.000 2457267.937500000     161.00618   8.03122  21.3145    943.56
 2015-Sep-02 10:40:00.000 2457267.944444444     161.01246   8.02870  21.3163    943.56
 2015-Sep-02 10:50:00.000 2457267.951388889     161.01875   8.02617  21.3180    943.56
 2015-Sep-02 11:00:00.000 2457267.958333333     161.02504   8.02364  21.3197    943.56
 2015-Sep-02 11:10:00.000 2457267.965277778     161.03133   8.02111  21.3214    943.56
 2015-Sep-02 11:20:00.000 2457267.972222222     161.03762   8.01859  21.3231    943.57
 2015-Sep-02 11:30:00.000 2457267.979166667     161.04390   8.01606  21.3248    943.57
 2015-Sep-02 11:40:00.000 2457267.986111111     161.05019   8.01353  21.3266    943.57
 2015-Sep-02 11:50:00.000 2457267.993055556     161.05648   8.01100  21.3283    943.57
 2015-Sep-02 12:00:00.000 2457268.000000000     161.06277   8.00847  21.3300    943.57
 2015-Sep-02 12:10:00.000 2457268.006944444     161.06905   8.00595  21.3317    943.57
 2015-Sep-02 12:20:00.000 2457268.013888889     161.07534   8.00342  21.3334    943.57
 2015-Sep-02 12:30:00.000 2457268.020833333     161.08163   8.00089  21.3351    943.58
 2015-Sep-02 12:40:00.000 2457268.027777778     161.08792   7.99836  21.3369    943.58
 2015-Sep-02 12:50:00.000 2457268.034722222     161.09420   7.99583  21.3386    943.58
 2015-Sep-02 13:00:00.000 2457268.041666667     161.10049   7.99330  21.3403    943.58
 2015-Sep-02 13:10:00.000 2457268.048611111     161.10678   7.99077  21.3420    943.58
 2015-Sep-02 13:20:00.000 2457268.055555556     161.11307   7.98824  21.3437    943.58
 2015-Sep-02 13:30:00.000 2457268.062500000     161.11935   7.98571  21.3454    943.58
 2015-Sep-02 13:40:00.000 2457268.069444444     161.12564   7.98318  21.3471    943.58
 2015-Sep-02 13:50:00.000 2457268.076388889     161.13193   7.98065  21.3489    943.59
 2015-Sep-02 14:00:00.000 2457268.083333333     161.13821   7.97812  21.3506    943.59
 2015-Sep-02 14:10:00.000 2457268.090277778     161.14450   7.97560  21.3523    943.59
 2015-Sep-02 14:20:00.000 2457268.097222222     161.15079   7.97307  21.3540    943.59
 2015-Sep-02 14:30:00.000 2457268.104166667     161.15707   7.97054  21.3557    943.59
 2015-Sep-02 14:40:00.000 2457268.111111111     161.16336   7.96801  21.3574    943.59
 2015-Sep-02 14:50:00.000 2457268.118055556     161.16965   7.96548  21.3591    943.59
 2015-Sep-02 15:00:00.000 2457268.125000000     161.17593   7.96295  21.3609    943.60
 2015-Sep-02 15:10:00.000 2457268.131944444     161.18222   7.96041  21.3626    943.60
 2015-Sep-02 15:20:00.000 2457268.138888889     161.18851   7.95788  21.3643    943.60
 2015-Sep-02 15:30:00.000 2457268.145833333     161.19479   7.95535  21.3660    943.60
 2015-Sep-02 15:40:00.000 2457268.152777778     161.20108   7.95282  21.3677    943.60
 2015-Sep-02 15:50:00.000 2457268.159722222     161.20737   7.95029  21.3694    943.60
 2015-Sep-02 16:00:00.000 2457268.166666667     161.21365   7.94776  21.3711    943.60
 2015-Sep-02 16:10:00.000 2457268.173611111     161.21994   7.94523  21.3728    943.60
 2015-Sep-02 16:20:00.000 2457268.180555556     161.22623   7.94270  21.3745    943.61
 2015-Sep-02 16:30:00.000 2457268.187500000     161.23251   7.94017  21.3762    943.61
 2015-Sep-02 16:40:00.000 2457268.194444444     161.23880   7.93764  21.3780    943.61
 2015-Sep-02 16:50:00.000 2457268.201388889     161.24508   7.93511  21.3797    943.61
 2015-Sep-02 17:00:00.000 2457268.208333333     161.25137   7.93257  21.3814    943.61
 2015-Sep-02 17:10:00.000 2457268.215277778     161.25766   7.93004  21.3831    943.61
 2015-Sep-02 17:20:00.000 2457268.222222222     161.26394   7.92751  21.3848    943.61
 2015-Sep-02 17:30:00.000 2457268.229166667     161.27023   7.92498  21.3865    943.62
 2015-Sep-02 17:40:00.000 2457268.236111111     161.27651   7.92245  21.3882    943.62
 2015-Sep-02 17:50:00.000 2457268.243055556     161.28280   7.91992  21.3899    943.62
 2015-Sep-02 18:00:00.000 2457268.250000000     161.28908   7.91738  21.3916    943.62
 2015-Sep-02 18:10:00.000 2457268.256944444     161.29537   7.91485  21.3933    943.62
 2015-Sep-02 18:20:00.000 2457268.263888889     161.30166   7.91232  21.3950    943.62
 2015-Sep-02 18:30:00.000 2457268.270833333     161.30794   7.90979  21.3967    943.62
 2015-Sep-02 18:40:00.000 2457268.277777778     161.31423   7.90725  21.3984    943.62
 2015-Sep-02 18:50:00.000 2457268.284722222     161.32051   7.90472  21.4002    943.63
 2015-Sep-02 19:00:00.000 2457268.291666667     161.32680   7.90219  21.4019    943.63
 2015-Sep-02 19:10:00.000 2457268.298611111     161.33308   7.89966  21.4036    943.63
 2015-Sep-02 19:20:00.000 2457268.305555556     161.33937   7.89712  21.4053    943.63
 2015-Sep-02 19:30:00.000 2457268.312500000     161.34565   7.89459  21.4070    943.63
 2015-Sep-02 19:40:00.000 2457268.319444444     161.35194   7.89206  21.4087    943.63
 2015-Sep-02 19:50:00.000 2457268.326388889     161.35822   7.88952  21.4104    943.63
 2015-Sep-02 20:00:00.000 2457268.333333333     161.36451   7.88699  21.4121    943.64
 2015-Sep-02 20:10:00.000 2457268.340277778     161.37079   7.88446  21.4138    943.64
 2015-Sep-02 20:20:00.000 2457268.347222222     161.37708   7.88192  21.4155    943.64
 2015-Sep-02 20:30:00.000 2457268.354166667     161.38336   7.87939  21.4172    943.64
 2015-Sep-02 20:40:00.000 2457268.361111111     161.38965   7.87686  21.4189    943.64
 2015-Sep-02 20:50:00.000 2457268.368055556     161.39593   7.87432  21.4206    943.64
 2015-Sep-02 21:00:00.000 2457268.375000000     161.40222   7.87179  21.4223    943.64
 2015-Sep-02 21:10:00.000 2457268.381944444     161.40850   7.86925  21.4240    943.65
 2015-Sep-02 21:20:00.000 2457268.388888889     161.41479   7.86672  21.4257    943.65
 2015-Sep-02 21:30:00.000 2457268.395833333     161.42107   7.86418  21.4274    943.65
 2015-Sep-02 21:40:00.000 2457268.402777778     161.42736   7.86165  21.4291    943.65
 2015-Sep-02 21:50:00.000 2457268.409722222     161.43364   7.85912  21.4308    943.65
 2015-Sep-02 22:00:00.000 2457268.416666667     161.43992   7.85658  21.4325    943.65
 2015-Sep-02 22:10:00.000 2457268.423611111     161.44621   7.85405  21.4342    943.65
 2015-Sep-02 22:20:00.000 2457268.430555556     161.45249   7.85151  21.4359    943.65
 2015-Sep-02 22:30:00.000 2457268.437500000     161.45878   7.84898  21.4376    943.66
 2015-Sep-02 22:40:00.000 2457268.444444444     161.46506   7.84644  21.4393    943.66
 2015-Sep-02 22:50:00.000 2457268.451388889     161.47135   7.84391  21.4410    943.66
 2015-Sep-02 23:00:00.000 2457268.458333333     161.47763   7.84137  21.4427    943.66
 2015-Sep-02 23:10:00.000 2457268.465277778     161.48391   7.83884  21.4444    943.66
 2015-Sep-02 23:20:00.000 2457268.472222222     161.49020   7.83630  21.4461    943.66
 2015-Sep-02 23:30:00.000 2457268.479166667     161.49648   7.83377  21.4478    943.66
 2015-Sep-02 23:40:00.000 2457268.486111111     161.50277   7.83123  21.4495    943.67
 2015-Sep-02 23:50:00.000 2457268.493055556     161.50905   7.82869  21.4512    943.67
 2015-Sep-03 00:00:00.000 2457268.500000000     161.51533   7.82616  21.4529    943.67
